2000.0 4.03583881109e-07
4000.0 5.78644939966e-08
6000.0 8.36905919359e-07
8000.0 5.42723112128e-07
10000.0 6.3799713877e-07
12000.0 9.74132799084e-07
14000.0 2.15134554824e-06
16000.0 2.96212199313e-06
18000.0 3.43631624176e-06
20000.0 4.64035243553e-06
22000.0 4.44112066495e-06
24000.0 3.56126720183e-06
26000.0 5.81632348724e-06
28000.0 7.76899885255e-06
30000.0 9.49794548063e-06
32000.0 1.11734902411e-05
34000.0 9.60821418318e-06
36000.0 7.65602814474e-06
38000.0 8.09909221488e-06
40000.0 9.97899137931e-06
42000.0 1.58554239724e-05
44000.0 2.23221075331e-05
46000.0 2.63454989934e-05
48000.0 3.34359781358e-05
50000.0 3.6455352518e-05
52000.0 4.12152389177e-05
54000.0 4.9234696228e-05
56000.0 3.99427592166e-05
58000.0 3.03115903198e-05
60000.0 2.81003170029e-05
62000.0 3.04654194292e-05
64000.0 2.69394463668e-05
66000.0 3.15486991635e-05
68000.0 3.49807991922e-05
70000.0 3.26185425685e-05
72000.0 3.02538510393e-05
74000.0 3.57486687843e-05
76000.0 3.40392056615e-05
78000.0 2.88114822306e-05
80000.0 3.6767300578e-05
82000.0 4.33356721596e-05
84000.0 5.49684239445e-05
86000.0 4.85063696847e-05
88000.0 4.19645862269e-05
90000.0 3.98665441389e-05
92000.0 3.80548262884e-05
94000.0 3.21041355343e-05
96000.0 2.94906460023e-05
98000.0 2.42503187482e-05
100000.0 2.89484753623e-05
102000.0 2.83949376631e-05
104000.0 2.60328596288e-05
106000.0 2.23833507398e-05
108000.0 1.89403743471e-05
110000.0 1.39804528302e-05
112000.0 1.3167195122e-05
114000.0 9.35334011037e-06
116000.0 1.55376583382e-05
118000.0 1.45464051148e-05
120000.0 1.39000319767e-05
122000.0 1.37495929049e-05
124000.0 1.39890110529e-05
126000.0 1.12358626709e-05
128000.0 4.9345314319e-06
130000.0 4.89731004367e-06
132000.0 4.99103960396e-06
134000.0 5.30486746286e-06
136000.0 8.98355477855e-06
138000.0 1.11045030603e-05
140000.0 9.56894752187e-06
142000.0 1.50497346165e-05
144000.0 1.73310064177e-05
146000.0 1.60511526116e-05
148000.0 1.91201196731e-05
150000.0 2.21072759124e-05
152000.0 2.4592859229e-05
154000.0 2.68072801636e-05
156000.0 2.6997817066e-05
158000.0 3.10909938614e-05
160000.0 3.50589795322e-05
162000.0 3.17204591986e-05
164000.0 3.95565272089e-05
166000.0 3.44907843137e-05
168000.0 4.12889373536e-05
170000.0 3.98936163982e-05
172000.0 3.77600966608e-05
174000.0 4.84653413419e-05
176000.0 5.01080803048e-05
178000.0 4.47429082381e-05
180000.0 5.07328211144e-05
182000.0 5.18624640657e-05
184000.0 5.6163060446e-05
186000.0 6.099703258e-05
188000.0 8.34550645919e-05
190000.0 8.81305638767e-05
192000.0 9.1039579906e-05
194000.0 9.39362004114e-05
196000.0 0.000107130123457
198000.0 0.000135314028227
200000.0 0.000134953591176
202000.0 0.000140622444837
204000.0 0.000137724505592
206000.0 0.000144220735943
208000.0 0.000144781018846
210000.0 0.000133566836524
212000.0 0.000133355866235
214000.0 0.00012439382847
216000.0 0.000123175489387
218000.0 0.000123764060749
220000.0 0.000122271041298
222000.0 0.000119670914724
224000.0 0.000132229108619
226000.0 0.000125703985828
228000.0 0.00011105011518
230000.0 0.000103645305761
232000.0 0.000106768915485
234000.0 0.000104472935265
236000.0 0.000123644192785
238000.0 0.000122432945874
240000.0 0.000105312488166
242000.0 0.00010677065404
244000.0 0.000106087995856
246000.0 0.000110775276873
248000.0 0.000113070595379
250000.0 0.000126251063704
252000.0 0.000130722196206
254000.0 0.000139260640379
256000.0 0.000146895447805
258000.0 0.000149452011273
260000.0 0.000119337664688
262000.0 0.000126020593648
264000.0 0.000125673723278
266000.0 0.000113879236709
268000.0 0.000117195915033
270000.0 0.000124501720654
272000.0 0.000106546257432
274000.0 9.67187332739e-05
276000.0 0.000100311424747
278000.0 9.36676852127e-05
280000.0 8.78092440476e-05
282000.0 0.000111489231914
284000.0 0.000101706069089
286000.0 8.61542686923e-05
288000.0 7.78333879619e-05
290000.0 7.51519374069e-05
292000.0 6.79890220632e-05
294000.0 9.00422308381e-05
296000.0 8.01739289976e-05
298000.0 7.94191524918e-05
300000.0 6.41244597015e-05
302000.0 5.90693639893e-05
304000.0 5.72588142174e-05
306000.0 6.81680250971e-05
308000.0 8.04970980275e-05
310000.0 8.97634379671e-05
312000.0 9.32398893541e-05
314000.0 0.000100606978762
316000.0 9.50248324357e-05
318000.0 0.000102375339719
320000.0 8.93313892216e-05
322000.0 9.50132674453e-05
324000.0 8.66777801078e-05
326000.0 8.92601138747e-05
328000.0 9.31657853717e-05
330000.0 0.000113557952024
332000.0 0.000110497882424
334000.0 0.000108629927993
336000.0 0.000118582487995
338000.0 0.000110028607025
340000.0 0.000113187705706
342000.0 0.000110574220487
344000.0 0.00010171757512
346000.0 0.000101611677187
348000.0 9.58935478052e-05
350000.0 0.000111415058647
352000.0 0.000128509678099
354000.0 0.000116917709901
356000.0 0.000128398181818
358000.0 0.000116523592291
360000.0 0.000113448171687
362000.0 0.000140760861705
364000.0 0.00014547194997
366000.0 0.000141444051854
368000.0 0.000127890838359
370000.0 0.000131901058824
372000.0 0.000139617655401
374000.0 0.000145361430727
376000.0 0.000136978891908
378000.0 0.000135150012081
380000.0 0.000127143241692
382000.0 0.000114250108794
384000.0 0.000107355205562
386000.0 0.000109373991533
388000.0 0.000113747093164
390000.0 0.000123871676248
392000.0 0.000101921673729
394000.0 9.41505691795e-05
396000.0 9.72702271351e-05
398000.0 0.000102632205392
400000.0 0.000103930787879
402000.0 0.000103481094271
404000.0 0.000117953214069
406000.0 0.000129019626934
408000.0 0.000115605524879
410000.0 0.000116614124431
412000.0 0.000127922219186
414000.0 0.000129671633769
416000.0 0.000134703429526
418000.0 0.000145502439988
420000.0 0.000133777075988
422000.0 0.000142009261174
424000.0 0.000158431730535
426000.0 0.000161289583207
428000.0 0.000174533843579
430000.0 0.00017549070624
432000.0 0.000164513279537
434000.0 0.00016828231191
436000.0 0.000175682193784
438000.0 0.000189843608656
440000.0 0.000197555466463
442000.0 0.000195820054895
444000.0 0.000189613578401
446000.0 0.000189713921269
448000.0 0.000185868394383
450000.0 0.000204205682443
452000.0 0.000196426518021
454000.0 0.000194377775741
456000.0 0.000215506033007
458000.0 0.000217909810456
460000.0 0.000195603810398
462000.0 0.000213094759865
464000.0 0.000196058145655
466000.0 0.000180159641873
468000.0 0.000192891074709
470000.0 0.000189924085758
472000.0 0.000210039246324
474000.0 0.000231635347839
476000.0 0.000227997213366
478000.0 0.000227692870285
480000.0 0.000232570726994
482000.0 0.000245218524087
484000.0 0.000268924251074
486000.0 0.000268863705864
488000.0 0.000270026302211
490000.0 0.000247935969278
492000.0 0.000252923924401
494000.0 0.00023310855518
496000.0 0.000242360876384
498000.0 0.000236511664103
500000.0 0.00024679572
502000.0 0.000265807408433
504000.0 0.000245907678571
506000.0 0.000250625318756
508000.0 0.000260621429452
510000.0 0.000293054942989
512000.0 0.000282177928483
514000.0 0.000285895701511
516000.0 0.000276125003085
518000.0 0.000272177371182
520000.0 0.000271035796296
522000.0 0.000261777959247
524000.0 0.000265717955528
526000.0 0.000226913651529
528000.0 0.000242588383807
530000.0 0.000236720114374
532000.0 0.000257136082251
534000.0 0.000248919236004
536000.0 0.000270603988243
538000.0 0.000270255728877
540000.0 0.000290275244582
542000.0 0.00031106532363
544000.0 0.000281399668525
546000.0 0.000242873315773
548000.0 0.000255686918785
550000.0 0.000241002248062
552000.0 0.000218605818859
554000.0 0.000244387508532
556000.0 0.000232711818746
558000.0 0.00023911277864
560000.0 0.000232220214286
562000.0 0.000234470565393
564000.0 0.000244611926663
566000.0 0.000241123235934
568000.0 0.000243124533582
570000.0 0.000241244202177
572000.0 0.000252885037337
574000.0 0.000227987843137
576000.0 0.000231924252802
578000.0 0.000238327941451
580000.0 0.000230688529595
582000.0 0.000231484409473
584000.0 0.000228562983167
586000.0 0.000207040277518
588000.0 0.000237224656893
590000.0 0.000244271341654
592000.0 0.000250259191635
594000.0 0.000233702809866
596000.0 0.000255320003123
598000.0 0.000242596950953
600000.0 0.000258500015625
602000.0 0.000262150415755
604000.0 0.000258835512821
606000.0 0.000262914163278
608000.0 0.000242527165207
610000.0 0.000232098143975
612000.0 0.000242200093926
614000.0 0.00025925125274
616000.0 0.00023999429198
618000.0 0.000238832986525
620000.0 0.000231998075235
622000.0 0.000232296252744
624000.0 0.000250559676913
626000.0 0.000262302789457
628000.0 0.000235773349027
630000.0 0.0002395731146
632000.0 0.000236587330402
634000.0 0.000234615802702
636000.0 0.000217962243872
638000.0 0.000225646919208
640000.0 0.000224448657233
642000.0 0.000224895407361
644000.0 0.000232619487099
646000.0 0.000222089348442
648000.0 0.000203003639798
650000.0 0.000196547108661
652000.0 0.000185894451796
654000.0 0.00019738358336
656000.0 0.000195043843001
658000.0 0.000206278804793
660000.0 0.000206626766562
662000.0 0.000198258592616
664000.0 0.000180981104798
666000.0 0.000191525020524
668000.0 0.00018973660139
670000.0 0.000181316467615
672000.0 0.000185799396334
674000.0 0.000189117881758
676000.0 0.000179174731183
678000.0 0.000181067592534
680000.0 0.000181024332278
682000.0 0.00017013677113
684000.0 0.00016195291007
686000.0 0.000148304776687
688000.0 0.0001480521673
690000.0 0.000146795451664
692000.0 0.000156912609385
694000.0 0.000153307827466
696000.0 0.000140041754442
698000.0 0.000164840952079
700000.0 0.00015675444127
702000.0 0.000156895986027
704000.0 0.000151162878018
706000.0 0.00014630810931
708000.0 0.000147622768595
710000.0 0.000157158858506
712000.0 0.000167327134224
714000.0 0.000152354403436
716000.0 0.000169592749841
718000.0 0.000177661770137
720000.0 0.000172476003185
722000.0 0.000172106091112
724000.0 0.000171608632887
726000.0 0.000166892362129
728000.0 0.000164368029337
730000.0 0.000155409282297
732000.0 0.000148018768347
734000.0 0.0001515491797
736000.0 0.000136568888889
738000.0 0.00013107824976
740000.0 0.000121745194888
742000.0 0.000125609440716
744000.0 0.000130538494246
746000.0 0.000116199056604
748000.0 0.000120926158029
750000.0 0.0001263863712
752000.0 0.000126908943662
754000.0 0.000143875379443
756000.0 0.000154435951313
758000.0 0.000160013793656
760000.0 0.000140716112179
762000.0 0.000135513949984
764000.0 0.000122576122514
766000.0 0.00012457096888
768000.0 0.000149374252246
770000.0 0.000137607117175
772000.0 0.000147295497752
774000.0 0.000133695069065
776000.0 0.000137814463368
778000.0 0.000152083092253
780000.0 0.000169624675241
782000.0 0.000160629128337
784000.0 0.000178775550193
786000.0 0.000183660431284
788000.0 0.00020654764971
790000.0 0.000195557877617
792000.0 0.000177110998711
794000.0 0.000180245285208
796000.0 0.000180311624758
798000.0 0.000192156449532
800000.0 0.000191467774194
802000.0 0.000183376163278
804000.0 0.000199083686249
806000.0 0.000202940952535
808000.0 0.000202128905039
810000.0 0.000216600084006
812000.0 0.00021879782159
814000.0 0.000228325564177
816000.0 0.000221067493532
818000.0 0.00022322886121
820000.0 0.000226100245955
822000.0 0.000222788698608
824000.0 0.000232294290803
826000.0 0.00022019409783
828000.0 0.000207717462735
830000.0 0.00019407012966
832000.0 0.000205903362516
834000.0 0.000210433587415
836000.0 0.000219370152498
838000.0 0.000227832122687
840000.0 0.000201395435065
842000.0 0.000185019012666
844000.0 0.000189560298895
846000.0 0.000213476145596
848000.0 0.000241692226918
850000.0 0.00022500755122
852000.0 0.000217385325309
854000.0 0.000216128011715
856000.0 0.000242428649089
858000.0 0.000255973210681
860000.0 0.000263922543974
862000.0 0.000268964346693
864000.0 0.000248661558018
866000.0 0.000253975334203
868000.0 0.000266007387476
870000.0 0.000265284391517
872000.0 0.000280066041123
874000.0 0.000239843963435
876000.0 0.000249728180927
878000.0 0.000258145991506
880000.0 0.000273762222222
882000.0 0.000269593998039
884000.0 0.000262996285154
886000.0 0.000243882872097
888000.0 0.000238048301702
890000.0 0.000245488032733
892000.0 0.000263293480681
894000.0 0.000216310717327
896000.0 0.000223886844692
898000.0 0.000233428797116
900000.0 0.000229402311475
902000.0 0.000231661721876
904000.0 0.000219959032152
906000.0 0.000216307118477
908000.0 0.00021612609652
910000.0 0.000218629142857
912000.0 0.000216986245072
914000.0 0.000208486759777
916000.0 0.0002155423833
918000.0 0.000228219753371
920000.0 0.000214567953947
922000.0 0.00019102355051
924000.0 0.000187177393022
926000.0 0.000171842239052
928000.0 0.000177646113307
930000.0 0.00017741431631
932000.0 0.000163217481872
934000.0 0.000171766930432
936000.0 0.000164154093008
938000.0 0.0001466039129
940000.0 0.000144456006601
942000.0 0.000164087094751
944000.0 0.000154457298547
946000.0 0.000156890941526
948000.0 0.000139714719101
950000.0 0.000141635401653
952000.0 0.000129644649471
954000.0 0.000134469761826
956000.0 0.00012658262409
958000.0 0.000142366809004
960000.0 0.000126187417219
962000.0 0.000127772805565
964000.0 0.000137679738237
966000.0 0.000133091017567
968000.0 0.000158052301061
970000.0 0.000147704776119
972000.0 0.00016469393497
974000.0 0.000202345585795
976000.0 0.000184162798805
978000.0 0.000173415908336
980000.0 0.000163364
982000.0 0.000127503536058
984000.0 0.000138307493351
986000.0 0.000141364539408
988000.0 0.000149944291417
990000.0 0.000155479164725
992000.0 0.000160878152463
994000.0 0.000181377735598
996000.0 0.000176087824783
998000.0 0.000202134718427
1000000.0 0.00025061201
1002000.0 0.000275829306435
1004000.0 0.000262700647098
1006000.0 0.000275457834501
1008000.0 0.000279769312417
1010000.0 0.000261645385643
1012000.0 0.000256960607882
1014000.0 0.000276502699632
1016000.0 0.000281293897059
1018000.0 0.000258854406553
1020000.0 0.000280150732441
1022000.0 0.000281711388424
1024000.0 0.000260553885542
1026000.0 0.000256396966856
1028000.0 0.000285834068989
1030000.0 0.00028319518258
1032000.0 0.000306182067694
1034000.0 0.000310611508548
1036000.0 0.000292924953052
1038000.0 0.000303597514257
1040000.0 0.000312877110738
1042000.0 0.000312462578046
1044000.0 0.000308351272666
1046000.0 0.000296570917031
1048000.0 0.000310546176075
1050000.0 0.000281072598319
1052000.0 0.000299158890383
1054000.0 0.000275693306424
1056000.0 0.000265946948183
1058000.0 0.000295093328846
1060000.0 0.000280062845118
1062000.0 0.000292724749074
1064000.0 0.00029602856469
1066000.0 0.000267234846646
1068000.0 0.000278739028995
1070000.0 0.000252468876897
1072000.0 0.000253942219973
1074000.0 0.000252050988863
1076000.0 0.000219136036462
1078000.0 0.000228810567376
1080000.0 0.000274450033784
1082000.0 0.000256906823251
1084000.0 0.000264467379986
1086000.0 0.000258412962462
1088000.0 0.00026662990866
1090000.0 0.000260214172589
1092000.0 0.000252413354773
1094000.0 0.000239669742635
1096000.0 0.000251725941734
1098000.0 0.000244616279227
1100000.0 0.000233272183051
1102000.0 0.00024021141743
1104000.0 0.000241925654681
1106000.0 0.000230598187988
1108000.0 0.000222229385608
1110000.0 0.000234750916808
1112000.0 0.000224823498641
1114000.0 0.000221834573564
1116000.0 0.000225535805574
1118000.0 0.000222783087385
1120000.0 0.000231727690476
1122000.0 0.000225775413406
1124000.0 0.000218457845473
1126000.0 0.000216917374872
1128000.0 0.000207194730926
1130000.0 0.000209189979557
1132000.0 0.000220896458759
1134000.0 0.000203391097852
1136000.0 0.000184952278308
1138000.0 0.00016700090754
1140000.0 0.000164339215017
1142000.0 0.000159396138614
1144000.0 0.000151922243852
1146000.0 0.000158216679194
1148000.0 0.000152741746411
1150000.0 0.000151205979487
1152000.0 0.000157853389193
1154000.0 0.000152108539172
1156000.0 0.000141586902806
1158000.0 0.000137789267374
1160000.0 0.000119966893836
1162000.0 0.000130092339842
1164000.0 0.000119443485264
1166000.0 0.000119943291052
1168000.0 0.000135416244856
1170000.0 0.000140029001715
1172000.0 0.000134119797529
1174000.0 0.000132211767937
1176000.0 0.000139141751374
1178000.0 0.000139778759876
1180000.0 0.000146865587629
1182000.0 0.000146744506703
1184000.0 0.000159739824622
1186000.0 0.000160156178191
1188000.0 0.000155458313833
1190000.0 0.000138829907057
1192000.0 0.000130716284435
1194000.0 0.000119294526352
1196000.0 0.000109292250172
1198000.0 0.000119579958635
1200000.0 0.000105908286207
1202000.0 8.98042462918e-05
1204000.0 0.00010328668392
1206000.0 0.000101892751122
1208000.0 0.000107620366022
1210000.0 9.57940310881e-05
1212000.0 9.75365756738e-05
1214000.0 9.37802868994e-05
1216000.0 0.000106836462656
1218000.0 9.69476651678e-05
1220000.0 0.000108314453287
1222000.0 0.00010989876774
1224000.0 0.000105544546399
1226000.0 0.000126161153446
1228000.0 0.00012689502772
1230000.0 0.000136578194107
1232000.0 0.00012626878294
1234000.0 0.000112974273326
1236000.0 0.000120185263706
1238000.0 0.000124181575842
1240000.0 0.000126026583333
1242000.0 0.0001211046405
1244000.0 0.000125779100069
1246000.0 0.000127766315607
1248000.0 0.000127601630737
1250000.0 0.000134427561739
1252000.0 0.000129107032011
1254000.0 0.000124890518622
1256000.0 0.000121002043872
1258000.0 0.000112521438523
1260000.0 0.000119301885017
1262000.0 0.000135324813524
1264000.0 0.000130593043933
1266000.0 0.00011574523195
1268000.0 0.000114228241452
1270000.0 0.000120519839442
1272000.0 0.000113735146648
1274000.0 0.000116787233671
1276000.0 0.00011911730608
1278000.0 0.000126358035652
1280000.0 0.00012975113986
1282000.0 0.000139846624694
1284000.0 0.000155886252624
1286000.0 0.000160281155058
1288000.0 0.000172759989496
1290000.0 0.000170040259194
1292000.0 0.000159973262088
1294000.0 0.000160587188924
1296000.0 0.000163023078541
1298000.0 0.000150580690986
1300000.0 0.000147916961404
1302000.0 0.00018007027027
1304000.0 0.000181273742978
1306000.0 0.000212055630488
1308000.0 0.000182635481377
1310000.0 0.00018863970826
1312000.0 0.000173488280591
1314000.0 0.000183831618009
1316000.0 0.000187234345531
1318000.0 0.000177361636748
1320000.0 0.000195880971831
1322000.0 0.00019398397323
1324000.0 0.000199327191684
1326000.0 0.000206802865703
1328000.0 0.000207011205924
1330000.0 0.000199727541446
1332000.0 0.000206725366972
1334000.0 0.000198847260854
1336000.0 0.000219899502119
1338000.0 0.000212016305193
1340000.0 0.000210817590106
1342000.0 0.000227799922234
1344000.0 0.000223929780764
1346000.0 0.000246867272727
1348000.0 0.000263348297948
1350000.0 0.000266508240708
1352000.0 0.000283897439802
1354000.0 0.000262664034715
1356000.0 0.000258937384833
1358000.0 0.000238403559022
1360000.0 0.000228860613475
1362000.0 0.000229311833984
1364000.0 0.000228748026969
1366000.0 0.000234394756834
1368000.0 0.000236557805398
1370000.0 0.000257966984014
1372000.0 0.000256961751955
1374000.0 0.000282770291504
1376000.0 0.000306118783784
1378000.0 0.000302935787976
1380000.0 0.000274235370107
1382000.0 0.00025183503382
1384000.0 0.00024428957265
1386000.0 0.000236010509441
1388000.0 0.000235121717748
1390000.0 0.000236431836007
1392000.0 0.000227723748217
1394000.0 0.000216005893685
1396000.0 0.000219672437545
1398000.0 0.000216761567297
1400000.0 0.000204941132143
1402000.0 0.000211061839943
1404000.0 0.000212039917798
1406000.0 0.000182390150161
1408000.0 0.000185856845494
1410000.0 0.00019828140966
1412000.0 0.000201181134574
1414000.0 0.000179717189402
1416000.0 0.000209681665473
1418000.0 0.000221152225009
1420000.0 0.000220908935484
1422000.0 0.000233332165651
1424000.0 0.000216848741033
1426000.0 0.000213474158593
1428000.0 0.000221269580043
1430000.0 0.000231296276481
1432000.0 0.000232455470546
1434000.0 0.000221323826806
1436000.0 0.000221020305536
1438000.0 0.000232961121899
1440000.0 0.000233547719424
1442000.0 0.000231604195754
1444000.0 0.000234826929446
1446000.0 0.000234035538351
1448000.0 0.000228095554755
1450000.0 0.000222491704505
1452000.0 0.000210854974766
1454000.0 0.00020772929679
1456000.0 0.000211835775613
1458000.0 0.000232848964273
1460000.0 0.000239535021661
1462000.0 0.000218939277718
1464000.0 0.000241827214595
1466000.0 0.00023970968558
1468000.0 0.000220013235719
1470000.0 0.000236255594937
1472000.0 0.000241709746744
1474000.0 0.00025747965979
1476000.0 0.000249297313541
1478000.0 0.000252474824339
1480000.0 0.000281432394928
1482000.0 0.000274292345053
1484000.0 0.000255312509065
1486000.0 0.000261670021763
1488000.0 0.000237969989115
1490000.0 0.000246782744102
1492000.0 0.000230593979666
1494000.0 0.00022870806393
1496000.0 0.00022530106468
1498000.0 0.000227633911305
1500000.0 0.000236927396364
1502000.0 0.00023712775191
1504000.0 0.000246718213246
1506000.0 0.000243462489989
1508000.0 0.000249866107065
1510000.0 0.000254127712204
1512000.0 0.000255925819971
1514000.0 0.000297983962814
1516000.0 0.000316951455142
1518000.0 0.00033819840934
1520000.0 0.000317818631387
1522000.0 0.000354610861628
1524000.0 0.000353661387874
1526000.0 0.00033675290464
1528000.0 0.000341039945175
1530000.0 0.000349306895795
1532000.0 0.000344376463058
1534000.0 0.000376743582144
1536000.0 0.000399110603953
1538000.0 0.000374346382278
1540000.0 0.000377472666667
1542000.0 0.000423783539758
1544000.0 0.000433591370968
1546000.0 0.000465665456546
1548000.0 0.000418610201761
1550000.0 0.000383905284404
1552000.0 0.000389421299559
1554000.0 0.000356839023136
1556000.0 0.000348626285819
1558000.0 0.000330289617788
1560000.0 0.000306174238971
1562000.0 0.000324423001103
1564000.0 0.000315102093451
1566000.0 0.000351165495031
1568000.0 0.000344044322533
1570000.0 0.000349616983425
1572000.0 0.000332476985999
1574000.0 0.000330257231847
1576000.0 0.000315192713864
1578000.0 0.00031092838436
1580000.0 0.000334678439114
1582000.0 0.000333346478405
1584000.0 0.000345504730428
1586000.0 0.000344771651274
1588000.0 0.000370416973392
1590000.0 0.000372310850277
1592000.0 0.000372154885355
1594000.0 0.000365026241213
1596000.0 0.000364522357513
1598000.0 0.000353920881155
1600000.0 0.000345907218519
1602000.0 0.000333945424231
1604000.0 0.000355810455893
1606000.0 0.000383328616982
1608000.0 0.000380586487389
1610000.0 0.000389967309833
1612000.0 0.000392217390497
1614000.0 0.000386103687338
1616000.0 0.000395728016345
1618000.0 0.00038265395392
1620000.0 0.000393402200743
1622000.0 0.000392429226478
1624000.0 0.000398972313988
1626000.0 0.000398194629699
1628000.0 0.000412096481757
1630000.0 0.000428703929236
1632000.0 0.00038788311848
1634000.0 0.000424229508013
1636000.0 0.000421889161074
1638000.0 0.000406482368519
1640000.0 0.000398375052239
1642000.0 0.000393489219858
1644000.0 0.000370624208364
1646000.0 0.000405849331341
1648000.0 0.000382993011958
1650000.0 0.000371595495327
1652000.0 0.000349668575168
1654000.0 0.000353991661055
1656000.0 0.000379694288922
1658000.0 0.000366138259079
1660000.0 0.000391904816479
1662000.0 0.000406590460847
1664000.0 0.000386748755622
1666000.0 0.000344896460442
1668000.0 0.00032912687922
1670000.0 0.000366285317073
1672000.0 0.000377645807057
1674000.0 0.000357460086369
1676000.0 0.000364205837716
1678000.0 0.000401553558812
1680000.0 0.000405515199248
1682000.0 0.000427814464084
1684000.0 0.000420430045147
1686000.0 0.000428073229206
1688000.0 0.000435059920934
1690000.0 0.00042271754049
1692000.0 0.00040688410324
1694000.0 0.000400060915944
1696000.0 0.000389351425339
1698000.0 0.000388788178046
1700000.0 0.000369642520755
1702000.0 0.00038320209513
1704000.0 0.000331755940332
1706000.0 0.000350866966377
1708000.0 0.000343422906274
1710000.0 0.000342605671078
1712000.0 0.000324437416793
1714000.0 0.000352649977299
1716000.0 0.000349772967449
1718000.0 0.000351008867853
1720000.0 0.000345874348485
1722000.0 0.000362063770368
1724000.0 0.000379830955269
1726000.0 0.000357060803944
1728000.0 0.000377902553111
1730000.0 0.000380290072106
1732000.0 0.000364806412301
1734000.0 0.000320794337258
1736000.0 0.000320553214286
1738000.0 0.000331666107944
1740000.0 0.000350157711027
1742000.0 0.000322479315329
1744000.0 0.000352093352359
1746000.0 0.000357343357442
1748000.0 0.000383485826352
1750000.0 0.000393823786667
1752000.0 0.000380300811738
1754000.0 0.000391849675944
1756000.0 0.000366213093059
1758000.0 0.000356589553605
1760000.0 0.000355842603053
1762000.0 0.000349711237113
1764000.0 0.000331539625668
1766000.0 0.000334750649599
1768000.0 0.000331538608563
1770000.0 0.000350780347992
1772000.0 0.000357647111706
1774000.0 0.000349130340605
1776000.0 0.000357642561256
1778000.0 0.000347136978169
1780000.0 0.000354678272031
1782000.0 0.000369630666922
1784000.0 0.000382931905675
1786000.0 0.000380044223245
1788000.0 0.000377899669992
1790000.0 0.000374784510557
1792000.0 0.000384179051459
1794000.0 0.000384056834422
1796000.0 0.000376806587241
1798000.0 0.000355898235294
1800000.0 0.000356572680769
1802000.0 0.00035472699115
1804000.0 0.000354983779831
1806000.0 0.000381155571814
1808000.0 0.000362363181818
1810000.0 0.000383701001927
1812000.0 0.000384844502699
1814000.0 0.000397885094485
1816000.0 0.000432007916667
1818000.0 0.000415550355075
1820000.0 0.000408698138996
1822000.0 0.000399432132097
1824000.0 0.00042227066847
1826000.0 0.000430877193661
1828000.0 0.000415712424594
1830000.0 0.000399761280464
1832000.0 0.000381407174923
1834000.0 0.000378833375919
1836000.0 0.00038213979086
1838000.0 0.000382554223169
1840000.0 0.00039938205814
1842000.0 0.000372387785964
1844000.0 0.000363095
1846000.0 0.000334409398525
1848000.0 0.000349112934783
1850000.0 0.000337149642718
1852000.0 0.000328463842269
1854000.0 0.000333752001555
1856000.0 0.000335198654743
1858000.0 0.000368292201478
1860000.0 0.000343959949416
1862000.0 0.000347190961464
1864000.0 0.000354547636293
1866000.0 0.000364252103623
1868000.0 0.000348008363211
1870000.0 0.000390848674464
1872000.0 0.000385532016381
1874000.0 0.000382519410847
1876000.0 0.000375631155347
1878000.0 0.000386136087466
1880000.0 0.000360929789063
1882000.0 0.000337551031653
1884000.0 0.00028764943706
1886000.0 0.000292002964411
1888000.0 0.000283796017214
1890000.0 0.00029086244227
1892000.0 0.000273194162099
1894000.0 0.000280683368586
1896000.0 0.000266124811912
1898000.0 0.00026654876519
1900000.0 0.000284954592157
1902000.0 0.00029707630051
1904000.0 0.0003052455573
1906000.0 0.000292355202199
1908000.0 0.000267408491752
1910000.0 0.000270008019646
1912000.0 0.000305859803459
1914000.0 0.00029689863547
1916000.0 0.000299782643588
1918000.0 0.000283565340417
1920000.0 0.000272210795276
1922000.0 0.000265357755022
1924000.0 0.000260849416864
1926000.0 0.00028171173039
1928000.0 0.00028585432571
1930000.0 0.000252187901381
1932000.0 0.000272309873717
1934000.0 0.000259916782471
1936000.0 0.00019558100316
1938000.0 0.000217689265113
1940000.0 0.000189620146245
1942000.0 0.000224537350732
1944000.0 0.000234020063291
1946000.0 0.000244051563118
1948000.0 0.000253854936659
1950000.0 0.000269388677228
1952000.0 0.000275117769414
1954000.0 0.000284517217598
1956000.0 0.000306902672482
1958000.0 0.000300972510908
1960000.0 0.000335868448413
1962000.0 0.000308365839619
1964000.0 0.000300140528197
1966000.0 0.000292741402463
1968000.0 0.000277306939587
1970000.0 0.000243523693837
1972000.0 0.00023719230708
1974000.0 0.000253863227218
1976000.0 0.000248672655255
1978000.0 0.000252679004381
1980000.0 0.000267498342629
1982000.0 0.000263611203667
1984000.0 0.000243916650718
1986000.0 0.000239078424412
1988000.0 0.000246524972067
1990000.0 0.00027289950499
1992000.0 0.000237265567093
1994000.0 0.000238485517379
1996000.0 0.00024969195044
1998000.0 0.000249636777289
2000000.0 0.000261828436
2002000.0 0.000267093161265
2004000.0 0.000256457201761
2006000.0 0.000240960849019
2008000.0 0.000250275292468
2010000.0 0.000227395178357
2012000.0 0.00022705277065
2014000.0 0.000232720770156
2016000.0 0.000240062002408
2018000.0 0.000248771995183
2020000.0 0.000234742381526
2022000.0 0.000216649200482
2024000.0 0.000210167451768
2026000.0 0.000190162931242
2028000.0 0.000172004465004
2030000.0 0.000175932619718
2032000.0 0.000187910060386
2034000.0 0.000185879971808
2036000.0 0.000170005394843
2038000.0 0.000169276154776
2040000.0 0.000163375294355
2042000.0 0.00016402770472
2044000.0 0.000167145443906
2046000.0 0.000152404029067
2048000.0 0.000159369325525
2050000.0 0.000153467434343
2052000.0 0.000146235481002
2054000.0 0.000160044031541
2056000.0 0.000149697063107
2058000.0 0.000116722934035
2060000.0 0.000117036862348
2062000.0 0.000133019368165
2064000.0 0.000127085
2066000.0 0.000109869748683
2068000.0 0.000115821954582
2070000.0 9.58135212982e-05
2072000.0 9.8775101461e-05
2074000.0 8.6969362566e-05
2076000.0 0.000101822043054
2078000.0 0.00010970781796
2080000.0 9.52353699187e-05
2082000.0 9.54582919886e-05
2084000.0 9.27137835639e-05
2086000.0 9.93909238909e-05
2088000.0 0.00011002764658
2090000.0 0.000119756818737
2092000.0 0.000107020969845
2094000.0 0.000107842914798
2096000.0 0.000102489025285
2098000.0 0.000100598098735
2100000.0 0.00010432717551
2102000.0 0.000137857795018
2104000.0 0.000169871196895
2106000.0 0.000208937968942
2108000.0 0.000210505715454
2110000.0 0.000201642539877
2112000.0 0.000186776170213
2114000.0 0.000173917535817
2116000.0 0.000172391646192
2118000.0 0.000168498070463
2120000.0 0.000172155151639
2122000.0 0.000175524305043
2124000.0 0.000171987608696
2126000.0 0.000159795231842
2128000.0 0.000167164581281
2130000.0 0.000162977125257
2132000.0 0.000156922358258
2134000.0 0.000156067887382
2136000.0 0.000186594527138
2138000.0 0.000186732019745
2140000.0 0.000197584045267
2142000.0 0.00018596529436
2144000.0 0.000156342129325
2146000.0 0.000169619031726
2148000.0 0.000147763895301
2150000.0 0.000157859575258
2152000.0 0.000160116967822
2154000.0 0.000181229872059
2156000.0 0.000170019479769
2158000.0 0.000166814498141
2160000.0 0.000176704768595
2162000.0 0.000183472678793
2164000.0 0.000189090049628
2166000.0 0.00021422220935
2168000.0 0.000240146841887
2170000.0 0.000223826596273
2172000.0 0.000269022783761
2174000.0 0.000259608731869
2176000.0 0.000257012827529
2178000.0 0.000247923396931
2180000.0 0.00019990460166
2182000.0 0.000191847795766
2184000.0 0.000172775793189
2186000.0 0.000174342808475
2188000.0 0.00018643605985
2190000.0 0.000180775243243
2192000.0 0.000208869858569
2194000.0 0.00019884835206
2196000.0 0.000198276623647
2198000.0 0.000220840728863
2200000.0 0.000225857870833
2202000.0 0.000246047957482
2204000.0 0.000260709236864
2206000.0 0.000258918185232
2208000.0 0.000259965217028
2210000.0 0.000241612196242
2212000.0 0.000213275547201
2214000.0 0.000219905536983
2216000.0 0.000210131559365
2218000.0 0.00021185453785
2220000.0 0.000216080313808
2222000.0 0.000203140406028
2224000.0 0.000222835448074
2226000.0 0.000214091097612
2228000.0 0.000178971223806
2230000.0 0.000171173379455
2232000.0 0.000209763884228
2234000.0 0.000225465958875
2236000.0 0.000206127061293
2238000.0 0.00019379101638
2240000.0 0.000178590978992
2242000.0 0.000182537540984
2244000.0 0.000163174760303
2246000.0 0.000161671787968
2248000.0 0.000170048909933
2250000.0 0.000169279010526
2252000.0 0.000170139216512
2254000.0 0.000160309363675
2256000.0 0.000174338874368
2258000.0 0.000179455664277
2260000.0 0.000155487565401
2262000.0 0.000172625753482
2264000.0 0.000198898264358
2266000.0 0.000177200920997
2268000.0 0.000189502743026
2270000.0 0.000170532875264
2272000.0 0.000160532089679
2274000.0 0.000161041680068
2276000.0 0.000159464309907
2278000.0 0.000162732164337
2280000.0 0.000153755974576
2282000.0 0.000140595756677
2284000.0 0.000158191967769
2286000.0 0.000150395358507
2288000.0 0.000144044728353
2290000.0 0.000143319104034
2292000.0 0.000164973971963
2294000.0 0.000177347127072
2296000.0 0.000181323503401
2298000.0 0.000165903487877
2300000.0 0.000159025897872
2302000.0 0.000176308637718
2304000.0 0.000163652964225
2306000.0 0.000158130276949
2308000.0 0.000171234254049
2310000.0 0.000165036341151
2312000.0 0.000191708916382
2314000.0 0.000203472185233
2316000.0 0.000215778381725
2318000.0 0.000220775809483
2320000.0 0.000223635905983
2322000.0 0.000199242428388
2324000.0 0.000186834619333
2326000.0 0.000201176542576
2328000.0 0.000214102315925
2330000.0 0.000221582809422
2332000.0 0.000239512514996
2334000.0 0.000239469819974
2336000.0 0.000252734395369
2338000.0 0.000256073075933
2340000.0 0.000237548901288
2342000.0 0.000229737685702
2344000.0 0.000263048109966
2346000.0 0.000265493588311
2348000.0 0.000293311104901
2350000.0 0.000300110322581
2352000.0 0.000291805516351
2354000.0 0.000272133831253
2356000.0 0.000285661718346
2358000.0 0.000293939004739
2360000.0 0.000302382698276
2362000.0 0.000288710194049
2364000.0 0.000299700319241
2366000.0 0.000293387682348
2368000.0 0.000297297983592
2370000.0 0.000304586237581
2372000.0 0.000326838435609
2374000.0 0.000337033259836
2376000.0 0.000342914398789
2378000.0 0.000319510017309
2380000.0 0.000343951987013
2382000.0 0.000301493222174
2384000.0 0.000278499696707
2386000.0 0.000268669280451
2388000.0 0.000263357788378
2390000.0 0.00028455505423
2392000.0 0.000277510234375
2394000.0 0.000281562383847
2396000.0 0.000278202211121
2398000.0 0.000240183489787
2400000.0 0.000235553452174
2402000.0 0.000222822970857
2404000.0 0.000221399778068
2406000.0 0.000244159116239
2408000.0 0.000249041990418
2410000.0 0.000248964374728
2412000.0 0.000237358060157
2414000.0 0.000247354827737
2416000.0 0.000259822207679
2418000.0 0.00026152835443
2420000.0 0.000249931253275
2422000.0 0.000241539860201
2424000.0 0.000213061608392
2426000.0 0.000217204547442
2428000.0 0.000190884383202
2430000.0 0.000201522875274
2432000.0 0.000211698323117
2434000.0 0.000185312150679
2436000.0 0.000179193076249
2438000.0 0.000203504673389
2440000.0 0.000218854644737
2442000.0 0.000191784624835
2444000.0 0.000171563279192
2446000.0 0.00019840753184
2448000.0 0.000188767596661
2450000.0 0.000203458065934
2452000.0 0.000165335219877
2454000.0 0.000163929986802
2456000.0 0.000180269128521
2458000.0 0.000205835468956
2460000.0 0.000201127837004
2462000.0 0.000225943631556
2464000.0 0.000253948373016
2466000.0 0.000262941605646
2468000.0 0.000259274713151
2470000.0 0.000252056940397
2472000.0 0.000242699452297
2474000.0 0.000224201210782
2476000.0 0.000225455671972
2478000.0 0.00021320601946
2480000.0 0.000205367946903
2482000.0 0.000234286980965
2484000.0 0.000230364840567
2486000.0 0.000231220079752
2488000.0 0.00023659947695
2490000.0 0.000195018119734
2492000.0 0.000192629108252
2494000.0 0.000194077563249
2496000.0 0.000214533774423
2498000.0 0.000219711812528
2500000.0 0.00023753056
2502000.0 0.000219764424189
2504000.0 0.000219381245552
2506000.0 0.000222252541166
2508000.0 0.000260685133571
2510000.0 0.000252076436526
2512000.0 0.000263118565062
2514000.0 0.000254806192599
2516000.0 0.00025260088314
2518000.0 0.000240018317715
2520000.0 0.000262658415179
2522000.0 0.000286916815543
2524000.0 0.000283032144772
2526000.0 0.000289137264193
2528000.0 0.000289765679785
2530000.0 0.000281932116331
2532000.0 0.000277098648165
2534000.0 0.000287006117331
2536000.0 0.000279473055556
2538000.0 0.00030865611385
2540000.0 0.000319135681614
2542000.0 0.00032473986541
2544000.0 0.000359067948833
2546000.0 0.000404028060171
2548000.0 0.00040650410602
2550000.0 0.000400773217978
2552000.0 0.000398612679856
2554000.0 0.000403333337832
2556000.0 0.000404607965797
2558000.0 0.000388430135074
2560000.0 0.000404053306306
2562000.0 0.000402158422713
2564000.0 0.000461595464382
2566000.0 0.00046404729364
2568000.0 0.000472130627256
2570000.0 0.000497744243792
2572000.0 0.000528455794941
2574000.0 0.000507300266606
2576000.0 0.000479068761302
2578000.0 0.000507376006332
2580000.0 0.000494387588235
2582000.0 0.000469049927569
2584000.0 0.000466396997283
2586000.0 0.000484731554146
2588000.0 0.000504561645512
2590000.0 0.000490606204082
2592000.0 0.000518843942831
2594000.0 0.000540584298684
2596000.0 0.000535531966394
2598000.0 0.000578344443435
2600000.0 0.000551247772727
2602000.0 0.00052121522965
2604000.0 0.000514202838944
2606000.0 0.00050560690487
2608000.0 0.000542958433515
2610000.0 0.000496284756264
2612000.0 0.000534897347311
2614000.0 0.000547593096215
2616000.0 0.000528189876825
2618000.0 0.000517702738476
2620000.0 0.000506238054795
2622000.0 0.000578118314299
2624000.0 0.000618516055759
2626000.0 0.000628006703246
2628000.0 0.00062024468893
2630000.0 0.000634921057208
2632000.0 0.000644437495421
2634000.0 0.000652762931745
2636000.0 0.00064448332264
2638000.0 0.000680346785878
2640000.0 0.000646558077982
2642000.0 0.000662387485085
2644000.0 0.000638262589532
2646000.0 0.000650147620579
2648000.0 0.000634307674632
2650000.0 0.000641463613793
2652000.0 0.000631184328427
2654000.0 0.000594318403129
2656000.0 0.00061161232965
2658000.0 0.000619852501152
2660000.0 0.000643149497696
2662000.0 0.000655661507607
2664000.0 0.000637219308118
2666000.0 0.000586326778957
2668000.0 0.00058042920591
2670000.0 0.000573592637413
2672000.0 0.000552359745841
2674000.0 0.000530098576052
2676000.0 0.000526526466235
2678000.0 0.000542453095789
2680000.0 0.000525919800926
2682000.0 0.000558640486336
2684000.0 0.000588188313253
2686000.0 0.000562346267965
2688000.0 0.000571675153061
2690000.0 0.000554417303944
2692000.0 0.000609882474466
2694000.0 0.000537801086856
2696000.0 0.000507364400558
2698000.0 0.0004907523245
2700000.0 0.000543879748837
2702000.0 0.000538701261052
2704000.0 0.000526091941341
2706000.0 0.000456045346996
2708000.0 0.0004775266589
2710000.0 0.000478035780886
2712000.0 0.000453663871269
2714000.0 0.0004304295007
2716000.0 0.000418032894491
2718000.0 0.000380871648762
2720000.0 0.000384132901869
2722000.0 0.000378691580178
2724000.0 0.000391411173994
2726000.0 0.000377494403369
2728000.0 0.000406090416667
2730000.0 0.00041770828103
2732000.0 0.000434443378632
2734000.0 0.000440087548054
2736000.0 0.000455192560976
2738000.0 0.000480347864852
2740000.0 0.000464138460094
2742000.0 0.000446165199624
2744000.0 0.000426920639098
2746000.0 0.000425715439586
2748000.0 0.000438494774224
2750000.0 0.000438790724706
2752000.0 0.000467887984934
2754000.0 0.000445847145549
2756000.0 0.0004336083459
2758000.0 0.000436889434229
2760000.0 0.000418946042453
2762000.0 0.000387069424257
2764000.0 0.000387499504249
2766000.0 0.000376455101559
2768000.0 0.00035413205104
2770000.0 0.00037167293617
2772000.0 0.000410964172185
2774000.0 0.00045705814955
2776000.0 0.000415282878788
2778000.0 0.000408909909995
2780000.0 0.000402739758294
2782000.0 0.000432048843054
2784000.0 0.000437867931689
2786000.0 0.000455647750356
2788000.0 0.000470215261159
2790000.0 0.000458565767221
2792000.0 0.000464490042776
2794000.0 0.000469797589158
2796000.0 0.000451614714558
2798000.0 0.000465409067111
2800000.0 0.000477382009524
2802000.0 0.000438504664126
2804000.0 0.00044738300286
2806000.0 0.000467321573677
2808000.0 0.000468799646947
2810000.0 0.000472003718377
2812000.0 0.000485587421203
2814000.0 0.000491837477305
2816000.0 0.000522224192161
2818000.0 0.000535235031086
2820000.0 0.000555229808612
2822000.0 0.000514685619914
2824000.0 0.000503234794061
2826000.0 0.000496356190704
2828000.0 0.000473573566635
2830000.0 0.00041897771223
2832000.0 0.000408850263916
2834000.0 0.000418133245319
2836000.0 0.000440082449568
2838000.0 0.000453311648246
2840000.0 0.000430837745192
2842000.0 0.000412484256854
2844000.0 0.000369172617902
2846000.0 0.000358047265286
2848000.0 0.000372699229287
2850000.0 0.000389916983133
2852000.0 0.000372774136933
2854000.0 0.000352430882779
2856000.0 0.000354219584942
2858000.0 0.000400995045872
2860000.0 0.000395940009662
2862000.0 0.000399029879169
2864000.0 0.000387041397485
2866000.0 0.000394000778907
2868000.0 0.000416281016457
2870000.0 0.000436624803874
2872000.0 0.000390407650194
2874000.0 0.000396667935046
2876000.0 0.000414946348206
2878000.0 0.000414648918001
2880000.0 0.00039591884466
2882000.0 0.000362711287033
2884000.0 0.000371619829932
2886000.0 0.000373152523092
2888000.0 0.000398469484436
2890000.0 0.000373825498783
2892000.0 0.000357428515093
2894000.0 0.000370395854847
2896000.0 0.000398949951267
2898000.0 0.000380376021453
2900000.0 0.000385163370732
2902000.0 0.000405696124939
2904000.0 0.00039562027832
2906000.0 0.000366338690767
2908000.0 0.000371173519062
2910000.0 0.000403402293399
2912000.0 0.000384591453033
2914000.0 0.000417653832599
2916000.0 0.000407485514202
2918000.0 0.000374275688388
2920000.0 0.000378730068627
2922000.0 0.00036334698872
2924000.0 0.000406937865554
2926000.0 0.00037918544919
2928000.0 0.000383843423379
2930000.0 0.000386455336609
2932000.0 0.000371298180924
2934000.0 0.000368336468273
2936000.0 0.00035053703248
2938000.0 0.000317918724766
2940000.0 0.000300305684729
2942000.0 0.000306654159685
2944000.0 0.00031119239645
2946000.0 0.000289423981253
2948000.0 0.000311096100691
2950000.0 0.000294821649383
2952000.0 0.000330787485178
2954000.0 0.000325605580821
2956000.0 0.000333688452028
2958000.0 0.000318944586838
2960000.0 0.000308790267327
2962000.0 0.000327315859336
2964000.0 0.00034145592666
2966000.0 0.000342149519088
2968000.0 0.000340022390873
2970000.0 0.000343496526055
2972000.0 0.000364103525323
2974000.0 0.000343263020368
2976000.0 0.000340784522863
2978000.0 0.000396572575833
2980000.0 0.000380331970149
2982000.0 0.000351728556496
2984000.0 0.000359065034861
2986000.0 0.00036005470852
2988000.0 0.000349435343968
2990000.0 0.000345401660848
2992000.0 0.000349513383234
2994000.0 0.00033529129306
2996000.0 0.000343207577423
2998000.0 0.000336936241879
3000000.0 0.000336776465
3002000.0 0.000346384377189
3004000.0 0.000346487857858
3006000.0 0.000321807336004
3008000.0 0.000358339769539
3010000.0 0.000325818431078
3012000.0 0.000310818199599
3014000.0 0.000325536422479
3016000.0 0.000318084061245
3018000.0 0.000327410758413
3020000.0 0.00032686820603
3022000.0 0.000330874258421
3024000.0 0.000336621433602
3026000.0 0.000378824987418
3028000.0 0.000407328182276
3030000.0 0.000380831289673
3032000.0 0.000376378356855
3034000.0 0.000393567685325
3036000.0 0.000416196720484
3038000.0 0.00039512298839
3040000.0 0.000407194818182
3042000.0 0.00038846609904
3044000.0 0.00039995888271
3046000.0 0.000412055063227
3048000.0 0.000480570450405
3050000.0 0.000477110956962
3052000.0 0.000454407679838
3054000.0 0.000473290790674
3056000.0 0.000443426643002
3058000.0 0.000442588280061
3060000.0 0.000442476477157
3062000.0 0.000414440578974
3064000.0 0.000400248323171
3066000.0 0.000413776283681
3068000.0 0.000435807965412
3070000.0 0.000436190483461
3072000.0 0.000397673976578
3074000.0 0.000389336821192
3076000.0 0.000368093649337
3078000.0 0.000366224762876
3080000.0 0.00036679202551
3082000.0 0.000407700423686
3084000.0 0.000398227053115
3086000.0 0.000428297608585
3088000.0 0.00043504591002
3090000.0 0.000459119289003
3092000.0 0.000487973275333
3094000.0 0.000498072227343
3096000.0 0.000484553821721
3098000.0 0.000488684541261
3100000.0 0.000505584476923
3102000.0 0.000488464104669
3104000.0 0.000453121534908
3106000.0 0.000443843251156
3108000.0 0.000463581870504
3110000.0 0.000441593285347
3112000.0 0.000423187839506
3114000.0 0.000424131415337
3116000.0 0.000426799186406
3118000.0 0.000438885095312
3120000.0 0.000505000087629
3122000.0 0.000498917895823
3124000.0 0.000481879700722
3126000.0 0.000503262983996
3128000.0 0.000536555304752
3130000.0 0.000549994837209
3132000.0 0.000506688753878
3134000.0 0.000498983745473
3136000.0 0.000528474001035
3138000.0 0.000544419518384
3140000.0 0.000564037849741
3142000.0 0.000564740995334
3144000.0 0.000591946711618
3146000.0 0.000619544701609
3148000.0 0.000676604392523
3150000.0 0.000700807028571
3152000.0 0.000711687468815
3154000.0 0.000643171965679
3156000.0 0.000675873433923
3158000.0 0.000666570145757
3160000.0 0.000693618234375
3162000.0 0.000722728822303
3164000.0 0.000728770954119
3166000.0 0.000749681637976
3168000.0 0.000704303246347
3170000.0 0.000649684851175
3172000.0 0.000608326144201
3174000.0 0.000608755509671
3176000.0 0.000632269633891
3178000.0 0.000625570905285
3180000.0 0.00059489665445
3182000.0 0.000602081194343
3184000.0 0.000619029585954
3186000.0 0.000631403261668
3188000.0 0.000680797665268
3190000.0 0.000675031884514
3192000.0 0.000724010472689
3194000.0 0.000698183552286
3196000.0 0.000674880941115
3198000.0 0.000659949842188
3200000.0 0.000670452978947
3202000.0 0.000689223185887
3204000.0 0.000644824899895
3206000.0 0.000641872372167
3208000.0 0.000652759947257
3210000.0 0.000651384949868
3212000.0 0.000636588099261
3214000.0 0.000683878193344
3216000.0 0.0006967752537
3218000.0 0.000701056002115
3220000.0 0.000741410714286
3222000.0 0.000729876236104
3224000.0 0.000751918845339
3226000.0 0.00075425809221
3228000.0 0.000735758107105
3230000.0 0.000749635331565
3232000.0 0.000717690727176
3234000.0 0.000703565140733
3236000.0 0.000684563405951
3238000.0 0.000687234497608
3240000.0 0.000656655159574
3242000.0 0.000644078690793
3244000.0 0.000646234600639
3246000.0 0.00067216160895
3248000.0 0.000697752846482
3250000.0 0.000685181312
3252000.0 0.000652936280683
3254000.0 0.000693891217298
3256000.0 0.000699173787393
3258000.0 0.00075239696419
3260000.0 0.000754089572193
3262000.0 0.000733776886035
3264000.0 0.000720182296574
3266000.0 0.000751256448848
3268000.0 0.000705351430868
3270000.0 0.000721820954424
3272000.0 0.000704580756438
3274000.0 0.000681777321524
3276000.0 0.000672131718582
3278000.0 0.000675672133262
3280000.0 0.000614398080645
3282000.0 0.000628618122647
3284000.0 0.000654614413348
3286000.0 0.000613155729672
3288000.0 0.000652716751078
3290000.0 0.000675313358491
3292000.0 0.000663314460626
3294000.0 0.000654305369671
3296000.0 0.000635759238661
3298000.0 0.000657772025932
3300000.0 0.000656934535135
3302000.0 0.000692376809086
3304000.0 0.000745390091991
3306000.0 0.000699303329724
3308000.0 0.000763510303359
3310000.0 0.000765660926829
3312000.0 0.000766033112798
3314000.0 0.00081328765057
3316000.0 0.000874267649294
3318000.0 0.000900374160782
3320000.0 0.000937447461957
3322000.0 0.00089189353453
3324000.0 0.000946578661589
3326000.0 0.000963311230267
3328000.0 0.00103978850763
3330000.0 0.00103585920981
3332000.0 0.0010290825518
3334000.0 0.00104774819422
3336000.0 0.000982383466157
3338000.0 0.00104995785363
3340000.0 0.00106847987978
3342000.0 0.00110606648989
3344000.0 0.00109291525711
3346000.0 0.00111692355774
3348000.0 0.00118813468237
3350000.0 0.0011263766137
3352000.0 0.00115911292215
3354000.0 0.00115759169501
3356000.0 0.00109451545554
3358000.0 0.00111462763866
3360000.0 0.00114692987912
3362000.0 0.00110443195162
3364000.0 0.00110303669967
3366000.0 0.00114598523941
3368000.0 0.00114157452643
3370000.0 0.00117866606612
3372000.0 0.00113789528666
3374000.0 0.00117423763376
3376000.0 0.0011051031457
3378000.0 0.00115406056875
3380000.0 0.00115836518232
3382000.0 0.00119000487009
3384000.0 0.00116995527655
3386000.0 0.00119784503597
3388000.0 0.00116433540421
3390000.0 0.00122514990582
3392000.0 0.00126690576497
3394000.0 0.00125284447033
3396000.0 0.0011487204273
3398000.0 0.00113365541921
3400000.0 0.00114874816667
3402000.0 0.00113615402446
3404000.0 0.00112567666852
3406000.0 0.00116548920979
3408000.0 0.00122875376949
3410000.0 0.00124720372702
3412000.0 0.00126274200111
3414000.0 0.00127231716118
3416000.0 0.00129478359375
3418000.0 0.00131777832496
3420000.0 0.00130513537989
3422000.0 0.00130021838457
3424000.0 0.00132756408837
3426000.0 0.00136126415221
3428000.0 0.00134718005039
3430000.0 0.00132525614566
3432000.0 0.00127932744955
3434000.0 0.00128745544588
3436000.0 0.00119782182379
3438000.0 0.00117880754632
3440000.0 0.00117630989326
3442000.0 0.00116409549747
3444000.0 0.0011140025703
3446000.0 0.00119838652786
3448000.0 0.00117994414977
3450000.0 0.0011978596338
3452000.0 0.00120483687711
3454000.0 0.00119189357586
3456000.0 0.00113776147291
3458000.0 0.00118909952569
3460000.0 0.00110499831638
3462000.0 0.00112717613906
3464000.0 0.00111073950792
3466000.0 0.00111913554046
3468000.0 0.00107832519253
3470000.0 0.00107959444759
3472000.0 0.0011103164229
3474000.0 0.00109648651163
3476000.0 0.00107803711124
3478000.0 0.00107570115843
3480000.0 0.00115626841477
3482000.0 0.00116391504832
3484000.0 0.00113458828783
3486000.0 0.0011464972453
3488000.0 0.00110124615604
3490000.0 0.000992266900285
3492000.0 0.0009947763626
3494000.0 0.00100855239019
3496000.0 0.000968760856164
3498000.0 0.000964372621359
3500000.0 0.000952382731429
3502000.0 0.000970023630646
3504000.0 0.000943622231121
3506000.0 0.000932499536348
3508000.0 0.000939866260023
3510000.0 0.000953248080229
3512000.0 0.000989136152523
3514000.0 0.00100137490534
3516000.0 0.000960485849598
3518000.0 0.000976173566916
3520000.0 0.000919519706897
3522000.0 0.0009352826682
3524000.0 0.000972617100115
3526000.0 0.000970044743811
3528000.0 0.000967124625576
3530000.0 0.000966283873199
3532000.0 0.00101717726644
3534000.0 0.00101774106174
3536000.0 0.000947329174365
3538000.0 0.000962626239168
3540000.0 0.000987646034682
3542000.0 0.000960804083285
3544000.0 0.00101328466435
3546000.0 0.00105087353214
3548000.0 0.000971623621089
3550000.0 0.000978694689855
3552000.0 0.000932838387471
3554000.0 0.000919232884504
3556000.0 0.000941768118467
3558000.0 0.000955021929111
3560000.0 0.000992764127907
3562000.0 0.000989932321117
3564000.0 0.000917466804424
3566000.0 0.000986934723355
3568000.0 0.000924960192308
3570000.0 0.000887404857143
3572000.0 0.000886933494749
3574000.0 0.000901316456509
3576000.0 0.000865965642523
3578000.0 0.000948966838106
3580000.0 0.000951442023392
3582000.0 0.000917798794617
3584000.0 0.000932764127635
3586000.0 0.000969754217926
3588000.0 0.000947126494725
3590000.0 0.000896054316716
3592000.0 0.000852744119718
3594000.0 0.000903601520846
3596000.0 0.000947112579318
3598000.0 0.000957077560259
3600000.0 0.000912477441176
3602000.0 0.000870151695115
3604000.0 0.000787325153121
3606000.0 0.000758191549794
3608000.0 0.00072096915684
3610000.0 0.000773478023599
3612000.0 0.000760687567887
3614000.0 0.000764972587123
3616000.0 0.000739208711584
3618000.0 0.000705029325843
3620000.0 0.000730156485207
3622000.0 0.000757581184133
3624000.0 0.000746570195498
3626000.0 0.000709541819798
3628000.0 0.000718499721234
3630000.0 0.000701845525223
3632000.0 0.000691453224466
3634000.0 0.00073615600713
3636000.0 0.000765958073722
3638000.0 0.00074740230815
3640000.0 0.000751769654762
3642000.0 0.000768947766528
3644000.0 0.000836989904648
3646000.0 0.000933403124627
3648000.0 0.000926266718377
3650000.0 0.0010124547403
3652000.0 0.00099922572282
3654000.0 0.000983743012552
3656000.0 0.00102948044258
3658000.0 0.00109238297427
3660000.0 0.00116021205389
3662000.0 0.00109458519473
3664000.0 0.00109355468225
3666000.0 0.00107818333533
3668000.0 0.00103287714886
3670000.0 0.00105953557958
3672000.0 0.00108016777644
3674000.0 0.00106406067348
3676000.0 0.00101893806859
3678000.0 0.00102213956653
3680000.0 0.000974893355422
3682000.0 0.000976122700422
3684000.0 0.000948377870929
3686000.0 0.00101045505733
3688000.0 0.000918633804348
3690000.0 0.000909285595166
3692000.0 0.000884324721886
3694000.0 0.000911382589232
3696000.0 0.00089609846247
3698000.0 0.000834440423985
3700000.0 0.000844742460606
3702000.0 0.000884527822923
3704000.0 0.000893090212379
3706000.0 0.000861914231937
3708000.0 0.000866603195626
3710000.0 0.000843485908815
3712000.0 0.000817068138686
3714000.0 0.00082273558734
3716000.0 0.00082177000609
3718000.0 0.000825969536868
3720000.0 0.000837677591463
3722000.0 0.00076983685784
3724000.0 0.000815800409035
3726000.0 0.000777709938913
3728000.0 0.000764692799511
3730000.0 0.000751216012232
3732000.0 0.000746130691554
3734000.0 0.000736503600735
3736000.0 0.000717914889706
3738000.0 0.000721027890865
3740000.0 0.000703173233129
3742000.0 0.000748629821977
3744000.0 0.000723848857494
3746000.0 0.000760070964966
3748000.0 0.000772727687577
3750000.0 0.000690450326154
3752000.0 0.000698424488916
3754000.0 0.000707481386322
3756000.0 0.0006609277127
3758000.0 0.000621890259099
3760000.0 0.000603313092593
3762000.0 0.000675248647313
3764000.0 0.000639344011125
3766000.0 0.000605221607916
3768000.0 0.000625710012376
3770000.0 0.000656836879257
3772000.0 0.000617018525403
3774000.0 0.000587177216367
3776000.0 0.000610501836228
3778000.0 0.000679632067039
3780000.0 0.000665726993789
3782000.0 0.000698090621504
3784000.0 0.000634501473881
3786000.0 0.000605183310516
3788000.0 0.000616204103362
3790000.0 0.000611961202492
3792000.0 0.000669081458853
3794000.0 0.00060606415471
3796000.0 0.000598573620474
3798000.0 0.000608017826359
3800000.0 0.0005733576875
3802000.0 0.000574523864916
3804000.0 0.000544376132666
3806000.0 0.000535226505949
3808000.0 0.000539652512531
3810000.0 0.00055374276489
3812000.0 0.000535888732748
3814000.0 0.000530481569366
3816000.0 0.000579674296482
3818000.0 0.000566081288498
3820000.0 0.000533764144654
3822000.0 0.00053452408433
3824000.0 0.000498310988665
3826000.0 0.000512053018273
3828000.0 0.000537569791929
3830000.0 0.000573380555205
3832000.0 0.000558636780303
3834000.0 0.000507209431459
3836000.0 0.00049346857775
3838000.0 0.000471542498419
3840000.0 0.000504859044304
3842000.0 0.000519343394554
3844000.0 0.000497775602028
3846000.0 0.000492589201015
3848000.0 0.000517724244924
3850000.0 0.000517422069841
3852000.0 0.000529526086404
3854000.0 0.000578629535919
3856000.0 0.000628676068702
3858000.0 0.000631716696372
3860000.0 0.000601068847134
3862000.0 0.000609135181644
3864000.0 0.000543821696429
3866000.0 0.000517254479898
3868000.0 0.000520883965517
3870000.0 0.000528752977636
3872000.0 0.00049924547954
3874000.0 0.000486053883557
3876000.0 0.000453085902689
3878000.0 0.000469113600256
3880000.0 0.000477091320513
3882000.0 0.00051103985247
3884000.0 0.000546437284981
3886000.0 0.000540205272961
3888000.0 0.000577095122108
3890000.0 0.000568171485531
3892000.0 0.000577243564994
3894000.0 0.000622061416613
3896000.0 0.000619474574742
3898000.0 0.000597197556415
3900000.0 0.000583339896774
3902000.0 0.000584120664945
3904000.0 0.000567147603359
3906000.0 0.000537390465417
3908000.0 0.000504953861578
3910000.0 0.000525959585761
3912000.0 0.000519246541451
3914000.0 0.000524522786779
3916000.0 0.000465163190661
3918000.0 0.000481899552239
3920000.0 0.000450343357143
3922000.0 0.000421173300845
3924000.0 0.000433252711313
3926000.0 0.00044911597918
3928000.0 0.000427100117188
3930000.0 0.000381809368078
3932000.0 0.00036885654498
3934000.0 0.000402059367254
3936000.0 0.000383304086162
3938000.0 0.000401728758981
3940000.0 0.000398274281046
3942000.0 0.00036744323087
3944000.0 0.000379792048429
3946000.0 0.00039081891945
3948000.0 0.000406316002621
3950000.0 0.000403143488525
3952000.0 0.000390953149606
3954000.0 0.000377187419567
3956000.0 0.000393723186597
3958000.0 0.000391485424063
3960000.0 0.000347130118421
3962000.0 0.00037112001975
3964000.0 0.000378106679842
3966000.0 0.000420160474621
3968000.0 0.000409836470976
3970000.0 0.000422170719472
3972000.0 0.00043349660502
3974000.0 0.000453773311302
3976000.0 0.000513235747354
3978000.0 0.000590545929848
3980000.0 0.000559234046358
3982000.0 0.000598446136514
3984000.0 0.000620437579576
3986000.0 0.000649816914399
3988000.0 0.00067083125498
3990000.0 0.00066241566113
3992000.0 0.000668455492021
3994000.0 0.000650078003992
3996000.0 0.000681962969374
3998000.0 0.000675529553631
4000000.0 0.00066849618
4002000.0 0.000636537991995
4004000.0 0.000632943197597
4006000.0 0.000678589051436
4008000.0 0.000688517352941
4010000.0 0.000657592668896
4012000.0 0.000628835140562
4014000.0 0.000590176061621
4016000.0 0.000573783793566
4018000.0 0.000600064044266
4020000.0 0.00062717252349
4022000.0 0.000685140127602
4024000.0 0.000657973676075
4026000.0 0.000659488318763
4028000.0 0.000684604279946
4030000.0 0.000666497757576
4032000.0 0.000653847284367
4034000.0 0.000716017228591
4036000.0 0.000745315823212
4038000.0 0.000770914854828
4040000.0 0.000812309121622
4042000.0 0.000786746490872
4044000.0 0.000844340493911
4046000.0 0.000966059654705
4048000.0 0.00103915944444
4050000.0 0.00100071498983
4052000.0 0.0011249569403
4054000.0 0.00109201496945
4056000.0 0.00112359644022
4058000.0 0.0010655346295
4060000.0 0.00108405380952
4062000.0 0.00107186236215
4064000.0 0.00103556173025
4066000.0 0.000973351506476
4068000.0 0.000988430723056
4070000.0 0.00100045918089
4072000.0 0.000967124057377
4074000.0 0.00103482071087
4076000.0 0.000942453939808
4078000.0 0.000882864154689
4080000.0 0.000866665438356
4082000.0 0.000825349821796
4084000.0 0.000820123854595
4086000.0 0.000861123884695
4088000.0 0.000868957932692
4090000.0 0.000758433505155
4092000.0 0.000761171808803
4094000.0 0.000751416558844
4096000.0 0.000762713395317
4098000.0 0.00081483110958
4100000.0 0.000768237958621
4102000.0 0.000756827977916
4104000.0 0.000762604495856
4106000.0 0.000758548797512
4108000.0 0.000780901445367
4110000.0 0.000792040041522
4112000.0 0.000790379148199
4114000.0 0.000823564019404
4116000.0 0.000785651081831
4118000.0 0.00083160259542
4120000.0 0.000823473986111
4122000.0 0.000809036177901
4124000.0 0.000799484394993
4126000.0 0.000774974008351
4128000.0 0.000822430703343
4130000.0 0.000761909763066
4132000.0 0.000833460209205
4134000.0 0.000862462330775
4136000.0 0.000796844930168
4138000.0 0.000787965828092
4140000.0 0.000747399335664
4142000.0 0.000739984639608
4144000.0 0.000790524908964
4146000.0 0.000851280539594
4148000.0 0.000948060939691
4150000.0 0.000938753417544
4152000.0 0.000870913609551
4154000.0 0.000862805628953
4156000.0 0.000981756434599
4158000.0 0.00101973856439
4160000.0 0.00102539419718
4162000.0 0.00102218768851
4164000.0 0.00100166813117
4166000.0 0.00100075481299
4168000.0 0.00104003283192
4170000.0 0.00100113642403
4172000.0 0.00100279106789
4174000.0 0.00103029427459
4176000.0 0.00104927731586
4178000.0 0.00109533269313
4180000.0 0.00116037874468
4182000.0 0.00122942962385
4184000.0 0.0010940940483
4186000.0 0.00112325410803
4188000.0 0.00105861885491
4190000.0 0.00111032929537
4192000.0 0.00111703928063
4194000.0 0.0010501140057
4196000.0 0.00106528665478
4198000.0 0.00103823803712
4200000.0 0.00100359832857
4202000.0 0.000956454567548
4204000.0 0.00101114326896
4206000.0 0.000987156886185
4208000.0 0.0010208563467
4210000.0 0.000979843713262
4212000.0 0.00092177802726
4214000.0 0.000839711342426
4216000.0 0.000814321587644
4218000.0 0.000855362494608
4220000.0 0.000930118805755
4222000.0 0.000941814672426
4224000.0 0.000957457889049
4226000.0 0.000929233237203
4228000.0 0.000940688116883
4230000.0 0.000938637956679
4232000.0 0.00101666429191
4234000.0 0.00101671625452
4236000.0 0.00105905596237
4238000.0 0.00106810267198
4240000.0 0.00106976448551
4242000.0 0.000995866613488
4244000.0 0.00104043485486
4246000.0 0.00100232663036
4248000.0 0.000938647885174
4250000.0 0.000911777469091
4252000.0 0.000837508719068
4254000.0 0.000929490560816
4256000.0 0.000889535634111
4258000.0 0.000959687534646
4260000.0 0.00092763849635
4262000.0 0.00101904426589
4264000.0 0.00102258089912
4266000.0 0.0010395409583
4268000.0 0.00104468838946
4270000.0 0.00104795758242
4272000.0 0.00111655321114
4274000.0 0.00108379652971
4276000.0 0.00117838240822
4278000.0 0.00112528147686
4280000.0 0.00117369236029
4282000.0 0.00123112085357
4284000.0 0.00126278748895
4286000.0 0.00128297483419
4288000.0 0.00125722175516
4290000.0 0.00114050524723
4292000.0 0.00119030565731
4294000.0 0.00113459449372
4296000.0 0.00117216365385
4298000.0 0.00113794714286
4300000.0 0.00110969719259
4302000.0 0.00110886538918
4304000.0 0.00115621881306
4306000.0 0.00121444781737
4308000.0 0.00130295988113
4310000.0 0.00122606371004
4312000.0 0.00126765729911
4314000.0 0.00134264620253
4316000.0 0.00136193281669
4318000.0 0.00135298451902
4320000.0 0.00135794634328
4322000.0 0.00131056667662
4324000.0 0.00135674523916
4326000.0 0.00134405643979
4328000.0 0.00132107629491
4330000.0 0.00131108161798
4332000.0 0.00143634388306
4334000.0 0.0014424223856
4336000.0 0.0013265646021
4338000.0 0.00130620097671
4340000.0 0.00128641086466
4342000.0 0.00118308735139
4344000.0 0.00120016676205
4346000.0 0.00121592130369
4348000.0 0.00122972414027
4350000.0 0.00120987249057
4352000.0 0.00121162880665
4354000.0 0.00120904497354
4356000.0 0.001272293941
4358000.0 0.00124740233157
4360000.0 0.00120362710606
4362000.0 0.00118694595148
4364000.0 0.00124905209408
4366000.0 0.00126264753227
4368000.0 0.00119914782675
4370000.0 0.00121953006844
4372000.0 0.00122040726788
4374000.0 0.00117207592536
4376000.0 0.0010966685747
4378000.0 0.00105307083143
4380000.0 0.00113386285496
4382000.0 0.00121003720397
4384000.0 0.0012659307263
4386000.0 0.00127876276205
4388000.0 0.00124798534456
4390000.0 0.0012550468046
4392000.0 0.0012615970092
4394000.0 0.00127671644666
4396000.0 0.00126161817204
4398000.0 0.00135388650269
4400000.0 0.0013013895
4402000.0 0.00126248789838
4404000.0 0.00129868601695
4406000.0 0.0012666490825
4408000.0 0.00134586446759
4410000.0 0.00139524798456
4412000.0 0.00142966653014
4414000.0 0.00147675345708
4416000.0 0.00146805592105
4418000.0 0.00159771928737
4420000.0 0.00143679089147
4422000.0 0.00140933950349
4424000.0 0.00136178151398
4426000.0 0.00149750167055
4428000.0 0.00145744255832
4430000.0 0.00136611954864
4432000.0 0.00135504544393
4434000.0 0.0014793214809
4436000.0 0.00144967115445
4438000.0 0.00140541690086
4440000.0 0.00133658617188
4442000.0 0.00127499523847
4444000.0 0.00133700550861
4446000.0 0.00126321512138
4448000.0 0.00128960439655
4450000.0 0.00130819584314
4452000.0 0.00132802449765
4454000.0 0.00123640566379
4456000.0 0.00119416883648
4458000.0 0.00112033637293
4460000.0 0.00109054633858
4462000.0 0.00102309605201
4464000.0 0.00105016679811
4466000.0 0.00105478994475
4468000.0 0.00108721381517
4470000.0 0.00104501806324
4472000.0 0.00113456998418
4474000.0 0.0010929025099
4476000.0 0.00107800133122
4478000.0 0.00104712865186
4480000.0 0.00106849604762
4482000.0 0.00111163899126
4484000.0 0.00111462209857
4486000.0 0.00108842076372
4488000.0 0.00109457344745
4490000.0 0.000983378023904
4492000.0 0.000997149035088
4494000.0 0.00104558368715
4496000.0 0.000988025511182
4498000.0 0.00104546338129
4500000.0 0.001036342928
4502000.0 0.00101979983987
4504000.0 0.00105869739583
4506000.0 0.00114200196472
4508000.0 0.00114941218299
4510000.0 0.00112342356627
4512000.0 0.0011926356672
4514000.0 0.00116015683025
4516000.0 0.00110187210145
4518000.0 0.00107145951652
4520000.0 0.00112707434677
4522000.0 0.00113400079096
4524000.0 0.00108221927302
4526000.0 0.0010959068553
4528000.0 0.00110810098706
4530000.0 0.00114948123887
4532000.0 0.0011393908752
4534000.0 0.00121431154907
4536000.0 0.00124181095779
4538000.0 0.00131044971568
4540000.0 0.00134874465041
4542000.0 0.0013571728153
4544000.0 0.00135667570847
4546000.0 0.00141677725346
4548000.0 0.00138016621533
4550000.0 0.00142337957551
4552000.0 0.00146765009804
4554000.0 0.00143169996729
4556000.0 0.00138207293781
4558000.0 0.00146055791155
4560000.0 0.00152433968033
4562000.0 0.00161451826907
4564000.0 0.00155831712644
4566000.0 0.00162583410846
4568000.0 0.00168529290296
4570000.0 0.00169644063374
4572000.0 0.00174042956343
4574000.0 0.00175661518549
4576000.0 0.00182714311056
4578000.0 0.00173860684558
4580000.0 0.00168104833884
4582000.0 0.0017477735153
4584000.0 0.00174949495033
4586000.0 0.0017275090058
4588000.0 0.0017412114262
4590000.0 0.00176111028216
4592000.0 0.00174428034053
4594000.0 0.00179588233583
4596000.0 0.00179424277038
4598000.0 0.00183368457119
4600000.0 0.001813943975
4602000.0 0.00186544387823
4604000.0 0.00190111218698
4606000.0 0.00183756458647
4608000.0 0.00179600860368
4610000.0 0.00177985975732
4612000.0 0.00180707901173
4614000.0 0.00183702686505
4616000.0 0.00176839967282
4618000.0 0.00170375097397
4620000.0 0.00161152478992
4622000.0 0.00155554846089
4624000.0 0.00160951228114
4626000.0 0.00165485860152
4628000.0 0.00167860458685
4630000.0 0.00174855011814
4632000.0 0.00165950436655
4634000.0 0.0017904739645
4636000.0 0.00181054279188
4638000.0 0.00188409362405
4640000.0 0.00196044916949
4642000.0 0.00187463156064
4644000.0 0.00189595837861
4646000.0 0.0019220386576
4648000.0 0.00190049081633
4650000.0 0.00202907924255
4652000.0 0.00208410358603
4654000.0 0.00205736073316
4656000.0 0.00200076087031
4658000.0 0.00220087403074
4660000.0 0.00222938662393
4662000.0 0.00218188147134
4664000.0 0.00209732867295
4666000.0 0.00215726796058
4668000.0 0.00212435263293
4670000.0 0.00220331159657
4672000.0 0.0021829572079
4674000.0 0.00209965250215
4676000.0 0.00196384916523
4678000.0 0.00194032979328
4680000.0 0.00199775493103
4682000.0 0.00198721965487
4684000.0 0.00192859709845
4686000.0 0.00196367592913
4688000.0 0.00198227638408
4690000.0 0.00199846574026
4692000.0 0.00200621913345
4694000.0 0.0020350414137
4696000.0 0.00194592556424
4698000.0 0.00204204895743
4700000.0 0.00195174995652
4702000.0 0.0019624856832
4704000.0 0.0019967302439
4706000.0 0.00192699954664
4708000.0 0.00208484175393
4710000.0 0.00213659032314
4712000.0 0.00210998800699
4714000.0 0.00214303510936
4716000.0 0.00211875573555
4718000.0 0.00215747060473
4720000.0 0.00211949355263
4722000.0 0.00205664102722
4724000.0 0.00213099475395
4726000.0 0.00212731047493
4728000.0 0.00213413910211
4730000.0 0.00214596096916
4732000.0 0.0021405782716
4734000.0 0.00227048015004
4736000.0 0.00234463563604
4738000.0 0.00235507682582
4740000.0 0.00224635838053
4742000.0 0.00239545716563
4744000.0 0.00228345954787
4746000.0 0.00225972601597
4748000.0 0.0023245883659
4750000.0 0.00224306969778
4752000.0 0.0022282216548
4754000.0 0.00222295965272
4756000.0 0.00217632956328
4758000.0 0.00214358892061
4760000.0 0.00196524333929
4762000.0 0.00192882872207
4764000.0 0.00194865922182
4766000.0 0.00179650610564
4768000.0 0.00178649125448
4770000.0 0.00178143121076
4772000.0 0.0017883347307
4774000.0 0.00182279562444
4776000.0 0.00176436321043
4778000.0 0.00178217045905
4780000.0 0.00177607391892
4782000.0 0.00165938258792
4784000.0 0.00170005047834
4786000.0 0.00177125290876
4788000.0 0.00168855976492
4790000.0 0.00170618235294
4792000.0 0.00174158788043
4794000.0 0.00174156277425
4796000.0 0.00183804803085
4798000.0 0.0018499535059
4800000.0 0.00191851785455
4802000.0 0.00199707305732
4804000.0 0.0019769752459
4806000.0 0.00199645013674
4808000.0 0.00198708068431
4810000.0 0.00199812215525
4812000.0 0.0020221102468
4814000.0 0.00203455670631
4816000.0 0.00211932265568
4818000.0 0.00207274267644
4820000.0 0.00205588376147
4822000.0 0.00206332478421
4824000.0 0.00226301670956
4826000.0 0.00228169458142
4828000.0 0.00238357938306
4830000.0 0.00230564647926
4832000.0 0.00241506520295
4834000.0 0.00251930709141
4836000.0 0.00264603144177
4838000.0 0.00254481988899
4840000.0 0.00237730582407
4842000.0 0.00234173164968
4844000.0 0.00233706772727
4846000.0 0.00212196313835
4848000.0 0.00220651154275
4850000.0 0.00216466057674
4852000.0 0.00219013997207
4854000.0 0.00228890479963
4856000.0 0.00234421291978
4858000.0 0.00246731497666
4860000.0 0.00264248923364
4862000.0 0.002866464855
4864000.0 0.0027771686236
4866000.0 0.00273891258669
4868000.0 0.00258411390244
4870000.0 0.00245146776526
4872000.0 0.00245885722744
4874000.0 0.00238832793039
4876000.0 0.00236766343691
4878000.0 0.00239860687088
4880000.0 0.00237224068868
4882000.0 0.00230262712937
4884000.0 0.00226608692817
4886000.0 0.00222533633869
4888000.0 0.00215284445076
4890000.0 0.00218729762085
4892000.0 0.00214926907021
4894000.0 0.00218694547009
4896000.0 0.00219103564639
4898000.0 0.00225540702188
4900000.0 0.00241716055238
4902000.0 0.00247234039085
4904000.0 0.00245110382634
4906000.0 0.00246219574021
4908000.0 0.00241895508604
4910000.0 0.00232301581818
4912000.0 0.00231099239464
4914000.0 0.00224487962608
4916000.0 0.00220040724568
4918000.0 0.0021785709414
4920000.0 0.00201702717308
4922000.0 0.00218442576516
4924000.0 0.00223256652216
4926000.0 0.00217256476374
4928000.0 0.00212427592664
4930000.0 0.002280234
4932000.0 0.00216381571567
4934000.0 0.00214783822846
4936000.0 0.00212857018411
4938000.0 0.00233469561591
4940000.0 0.00232710216505
4942000.0 0.00224432740525
4944000.0 0.00215821896887
4946000.0 0.00211673053554
4948000.0 0.00205574446394
4950000.0 0.00200593047805
4952000.0 0.00204351732422
4954000.0 0.00204778521017
4956000.0 0.00193048016634
4958000.0 0.00184575225269
4960000.0 0.0018173302549
4962000.0 0.00180783191364
4964000.0 0.00183038451866
4966000.0 0.00191744978368
4968000.0 0.00198899836614
4970000.0 0.0020852686601
4972000.0 0.00206851831361
4974000.0 0.00215730500494
4976000.0 0.00221543417984
4978000.0 0.00219921141444
4980000.0 0.00233245191089
4982000.0 0.00234675090188
4984000.0 0.00230907357143
4986000.0 0.00232858953327
4988000.0 0.00240540607356
4990000.0 0.00247390874627
4992000.0 0.00235960815737
4994000.0 0.00224671067797
4996000.0 0.00221012344311
4998000.0 0.00217643386613
5000000.0 0.0021344003
5002000.0 0.00215047433433
5004000.0 0.00216359809619
5006000.0 0.00212852764293
5008000.0 0.00209259849398
5010000.0 0.00209186028141
5012000.0 0.00209149249497
5014000.0 0.00216447030211
5016000.0 0.00200935970766
5018000.0 0.0020206639556
5020000.0 0.00204146850505
5022000.0 0.00190826795753
5024000.0 0.00186809287449
5026000.0 0.00190879303951
5028000.0 0.00201140796146
5030000.0 0.00205487848731
5032000.0 0.00217247041667
5034000.0 0.00210446959308
5036000.0 0.0021597861609
5038000.0 0.00218770899083
5040000.0 0.0021788139898
5042000.0 0.00222613058223
5044000.0 0.00244443741309
5046000.0 0.0023230219652
5048000.0 0.00232736609631
5050000.0 0.00236279255385
5052000.0 0.00236048404517
5054000.0 0.00235663282631
5056000.0 0.00243820332305
5058000.0 0.00245259087539
5060000.0 0.00227464013402
5062000.0 0.00237927955624
5064000.0 0.00235132518595
5066000.0 0.00225726914168
5068000.0 0.0022510463354
5070000.0 0.00230972859067
5072000.0 0.00244542556017
5074000.0 0.00240895665628
5076000.0 0.00244509099792
5078000.0 0.00240332498439
5080000.0 0.0025155545625
5082000.0 0.00241484324296
5084000.0 0.00253782716075
5086000.0 0.00255717221526
5088000.0 0.002604433159
5090000.0 0.00265427175916
5092000.0 0.00266148507338
5094000.0 0.00272709112277
5096000.0 0.00277235610294
5098000.0 0.00269962011567
5100000.0 0.00282148291579
5102000.0 0.00282810186512
5104000.0 0.00284342644515
5106000.0 0.00297543655755
5108000.0 0.00301452115222
5110000.0 0.00308583292063
5112000.0 0.00301814209746
5114000.0 0.00295533084836
5116000.0 0.0030226852017
5118000.0 0.00298720382572
5120000.0 0.00289642419149
5122000.0 0.00280726046858
5124000.0 0.00278746529851
5126000.0 0.00285554442903
5128000.0 0.00281486627137
5130000.0 0.00273070894118
5132000.0 0.00275988982869
5134000.0 0.00283103713826
5136000.0 0.00285211362661
5138000.0 0.00289365315789
5140000.0 0.00288811355914
5142000.0 0.0029115290958
5144000.0 0.00303546519397
5146000.0 0.00335700819849
5148000.0 0.00339164735421
5150000.0 0.00325459287568
5152000.0 0.00298764270563
5154000.0 0.00297689361863
5156000.0 0.00295428904555
5158000.0 0.00292831907709
5160000.0 0.00296993017391
5162000.0 0.0028677182481
5164000.0 0.00282648802832
5166000.0 0.00286991055616
5168000.0 0.00286348957424
5170000.0 0.00299106877596
5172000.0 0.00292112959519
5174000.0 0.00278422520263
5176000.0 0.00275820447368
5178000.0 0.00279585226125
5180000.0 0.00279951237363
5182000.0 0.00263736546755
5184000.0 0.00265605451542
5186000.0 0.00268055927233
5188000.0 0.00283470416115
5190000.0 0.00293036814365
5192000.0 0.0028616052323
5194000.0 0.00276236581395
5196000.0 0.00280323634146
5198000.0 0.00281248436182
5200000.0 0.0028760789
5202000.0 0.00286064509455
5204000.0 0.00307577008909
5206000.0 0.00305697949833
5208000.0 0.00308318827009
5210000.0 0.0029866532514
5212000.0 0.00305826376957
5214000.0 0.00300988705487
5216000.0 0.00293697100897
5218000.0 0.00290924747475
5220000.0 0.00283202338202
5222000.0 0.00290365591676
5224000.0 0.00295287403153
5226000.0 0.00292312450958
5228000.0 0.00295646393905
5230000.0 0.00310473061017
5232000.0 0.00313397789593
5234000.0 0.00327739585504
5236000.0 0.00326650695011
5238000.0 0.00326301181612
5240000.0 0.00324555168182
5242000.0 0.00325299333333
5244000.0 0.00326538730068
5246000.0 0.00333848020525
5248000.0 0.00356977461187
5250000.0 0.00351307266286
5252000.0 0.00366627497712
5254000.0 0.00385933459336
5256000.0 0.00382807006881
5258000.0 0.0037898715729
5260000.0 0.00364380788506
5262000.0 0.00360556701956
5264000.0 0.00368847264977
5266000.0 0.00384253026528
5268000.0 0.00389307449192
5270000.0 0.00369357648555
5272000.0 0.00372088710648
5274000.0 0.00363485373117
5276000.0 0.00365090045244
5278000.0 0.00357602083624
5280000.0 0.00360186960465
5282000.0 0.00359116137369
5284000.0 0.00372050271562
5286000.0 0.00380156047841
5288000.0 0.00397640725467
5290000.0 0.00406489995322
5292000.0 0.00412432473068
5294000.0 0.00421248920281
5296000.0 0.00433383151408
5298000.0 0.00426192599295
5300000.0 0.0040268642
5302000.0 0.00393439206125
5304000.0 0.00404509615566
5306000.0 0.00399968729634
5308000.0 0.00394446791962
5310000.0 0.00398303857988
5312000.0 0.00404945822275
5314000.0 0.00401181671412
5316000.0 0.00398211804038
5318000.0 0.00404972248514
5320000.0 0.00412504945238
5322000.0 0.00421908435042
5324000.0 0.00424181181384
5326000.0 0.00414720948626
5328000.0 0.00431777604067
5330000.0 0.00437584232335
5332000.0 0.00450496577938
5334000.0 0.00442325536615
5336000.0 0.00426503688702
5338000.0 0.00449337618532
5340000.0 0.00434444224096
5342000.0 0.00435436986731
5344000.0 0.00463117576087
5346000.0 0.00469922661427
5348000.0 0.00479888458838
5350000.0 0.00485869444848
5352000.0 0.00499885353155
5354000.0 0.00512248907655
5356000.0 0.00482994186131
5358000.0 0.00497546272838
5360000.0 0.00491381953659
5362000.0 0.0049236139072
5364000.0 0.00501526272616
5366000.0 0.00505511581395
5368000.0 0.00495144088235
5370000.0 0.00500797704294
5372000.0 0.00508538714988
5374000.0 0.00521114664207
5376000.0 0.00507304535714
5378000.0 0.00506396385943
5380000.0 0.00563832782716
5382000.0 0.00559702567367
5384000.0 0.00569348341584
5386000.0 0.00596743081784
5388000.0 0.00616666244417
5390000.0 0.00613143606211
5392000.0 0.00631076717662
5394000.0 0.0062137207721
5396000.0 0.00633606057357
5398000.0 0.00637937737828
5400000.0 0.0060551860375
5402000.0 0.00620060172716
5404000.0 0.00607899433584
5406000.0 0.00599832342535
5408000.0 0.00595151433417
5410000.0 0.00608749095597
5412000.0 0.00597556476071
5414000.0 0.00601861440101
5416000.0 0.00626030092172
5418000.0 0.00644923130215
5420000.0 0.00640094696203
5422000.0 0.00630604564005
5424000.0 0.00647741414975
5426000.0 0.00649478518424
5428000.0 0.00660173846056
5430000.0 0.00637630936306
5432000.0 0.00636537891582
5434000.0 0.00661976609195
5436000.0 0.00633394287724
5438000.0 0.00635286828425
5440000.0 0.00662991911538
5442000.0 0.00665721503209
5444000.0 0.00679656885604
5446000.0 0.00693711060489
5448000.0 0.00697405197165
5450000.0 0.00674156938065
5452000.0 0.0067358676615
5454000.0 0.00685014693402
5456000.0 0.00690489690415
5458000.0 0.00718995881971
5460000.0 0.00717184876623
5462000.0 0.00702686507152
5464000.0 0.00738030601563
5466000.0 0.00744950295958
5468000.0 0.00743353306789
5470000.0 0.00733704300654
5472000.0 0.00737213089005
5474000.0 0.00745358407602
5476000.0 0.00759847059055
5478000.0 0.00748805228647
5480000.0 0.00775966214474
5482000.0 0.00803929831357
5484000.0 0.00849358484169
5486000.0 0.00852713464993
5488000.0 0.0083087271164
5490000.0 0.00832289425166
5492000.0 0.00840816026525
5494000.0 0.00863668272244
5496000.0 0.00857515506649
5498000.0 0.00884638047936
5500000.0 0.00879142178667
5502000.0 0.00881616850467
5504000.0 0.00860183320856
5506000.0 0.00866145559572
5508000.0 0.00854065936997
5510000.0 0.00839430841611
5512000.0 0.00816955658602
5514000.0 0.00804271592194
5516000.0 0.00814876459569
5518000.0 0.00801762242915
5520000.0 0.00804617928378
5522000.0 0.0082000755751
5524000.0 0.00806349155827
5526000.0 0.00826691985075
5528000.0 0.00811939796196
5530000.0 0.00813483393197
5532000.0 0.0078867380654
5534000.0 0.00778415735334
5536000.0 0.00774978903005
5538000.0 0.00772196850889
5540000.0 0.00762821439726
5542000.0 0.0076724438546
5544000.0 0.00796448641484
5546000.0 0.00793504925722
5548000.0 0.00790098746556
5550000.0 0.0078905413931
5552000.0 0.00793582167127
5554000.0 0.00817051261411
5556000.0 0.00832986355956
5558000.0 0.008370190957
5560000.0 0.00843097118056
5562000.0 0.00850394837274
5564000.0 0.00822800246518
5566000.0 0.00836449910739
5568000.0 0.00843841414804
5570000.0 0.00859783476923
5572000.0 0.00856822764706
5574000.0 0.00870749424965
5576000.0 0.00850229452247
5578000.0 0.00823411338959
5580000.0 0.00834484733803
5582000.0 0.00816918390691
5584000.0 0.00783512468927
5586000.0 0.00786104415842
5588000.0 0.00783636552408
5590000.0 0.00821237137589
5592000.0 0.00829581241477
5594000.0 0.00788208359886
5596000.0 0.00773601155271
5598000.0 0.00784731419401
5600000.0 0.0081453743
5602000.0 0.00831082536481
5604000.0 0.00814359389685
5606000.0 0.00807470090387
5608000.0 0.00818888429598
5610000.0 0.00835672926619
5612000.0 0.00847998998559
5614000.0 0.00875457981241
5616000.0 0.0086688982659
5618000.0 0.00888292117221
5620000.0 0.00884377402899
5622000.0 0.00892547580552
5624000.0 0.00864643193314
5626000.0 0.00859236710335
5628000.0 0.00861350072886
5630000.0 0.00862652208759
5632000.0 0.00901459921053
5634000.0 0.00894868014641
5636000.0 0.00913574008798
5638000.0 0.00913181712188
5640000.0 0.0091845045
5642000.0 0.00912538848306
5644000.0 0.00912205110619
5646000.0 0.00906843022157
5648000.0 0.0093979960503
5650000.0 0.00930478865185
5652000.0 0.00897397344214
5654000.0 0.00891070063893
5656000.0 0.00911832639881
5658000.0 0.00914416622951
5660000.0 0.00920981767164
5662000.0 0.00950750784753
5664000.0 0.00966235829341
5666000.0 0.00988036584708
5668000.0 0.00952369527027
5670000.0 0.00929425184962
5672000.0 0.00944907393072
5674000.0 0.00974592841629
5676000.0 0.00953242539275
5678000.0 0.00923512425113
5680000.0 0.00899926177273
5682000.0 0.008854844522
5684000.0 0.00869933658055
5686000.0 0.00875068898021
5688000.0 0.0085217377439
5690000.0 0.00828257767939
5692000.0 0.00810756594801
5694000.0 0.00798960621746
5696000.0 0.00787684167178
5698000.0 0.00801793322581
5700000.0 0.00783892078462
5702000.0 0.00790662640986
5704000.0 0.00811712424383
5706000.0 0.00819205185471
5708000.0 0.00834717204334
5710000.0 0.00841112029457
5712000.0 0.00827465692547
5714000.0 0.00825433015552
5716000.0 0.00807582638629
5718000.0 0.00784758180967
5720000.0 0.00810713539062
5722000.0 0.00819986594679
5724000.0 0.00842507518809
5726000.0 0.0087041455887
5728000.0 0.00866112033019
5730000.0 0.00865860289764
5732000.0 0.00867587369085
5734000.0 0.00867745151659
5736000.0 0.00849643628165
5738000.0 0.00866202450079
5740000.0 0.00827591639683
5742000.0 0.00837162074722
5744000.0 0.00841532455414
5746000.0 0.00838067296651
5748000.0 0.00816421346645
5750000.0 0.008085138304
5752000.0 0.00814874873397
5754000.0 0.00792535142857
5756000.0 0.00790407673633
5758000.0 0.00728873202899
5760000.0 0.00722420701613
5762000.0 0.00731339421648
5764000.0 0.00738468983819
5766000.0 0.00735570294976
5768000.0 0.00721864522727
5770000.0 0.00735652307317
5772000.0 0.00726878188925
5774000.0 0.00731260128874
5776000.0 0.00745459400327
5778000.0 0.00751813790507
5780000.0 0.00732177281967
5782000.0 0.00728402412151
5784000.0 0.00734793427632
5786000.0 0.00741663337727
5788000.0 0.0068487429868
5790000.0 0.00682018328926
5792000.0 0.00722003655629
5794000.0 0.00740749529022
5796000.0 0.00739326094684
5798000.0 0.00734323164725
5800000.0 0.00728761035
5802000.0 0.00723260358932
5804000.0 0.00686302510033
5806000.0 0.00690770805695
5808000.0 0.0069859104698
5810000.0 0.00705900176471
5812000.0 0.00683225254209
5814000.0 0.00667576234401
5816000.0 0.0069728429223
5818000.0 0.00716189451777
5820000.0 0.00714526133898
5822000.0 0.00722312483871
5824000.0 0.00735075484694
5826000.0 0.00725994943782
5828000.0 0.00714533220137
5830000.0 0.00722814935043
5832000.0 0.00719540768836
5834000.0 0.00755061946827
5836000.0 0.00773739993127
5838000.0 0.00761612356282
5840000.0 0.0074905842931
5842000.0 0.0071628452677
5844000.0 0.00723525882353
5846000.0 0.00716173403813
5848000.0 0.00728033838542
5850000.0 0.00736793768696
5852000.0 0.00690281437282
5854000.0 0.00665900417103
5856000.0 0.00654782318182
5858000.0 0.00631685131349
5860000.0 0.00644209145614
5862000.0 0.00612500381371
5864000.0 0.00645451727113
5866000.0 0.00633946195767
5868000.0 0.00621314830389
5870000.0 0.0062655760354
5872000.0 0.00616781966312
5874000.0 0.00656629827709
5876000.0 0.00649417453737
5878000.0 0.00659971060606
5880000.0 0.00688349789286
5882000.0 0.00679377998211
5884000.0 0.00722439724014
5886000.0 0.00719699669659
5888000.0 0.0073151975
5890000.0 0.00725979401802
5892000.0 0.0072605865704
5894000.0 0.00721894339964
5896000.0 0.00700805443841
5898000.0 0.00725494571688
5900000.0 0.00715831072727
5902000.0 0.00728673976321
5904000.0 0.00718355885036
5906000.0 0.00703544800731
5908000.0 0.00709364239927
5910000.0 0.00763416726606
5912000.0 0.00758026505515
5914000.0 0.00758128320442
5916000.0 0.00760914186347
5918000.0 0.00744637491682
5920000.0 0.00760103174074
5922000.0 0.00758605398887
5924000.0 0.0075213633829
5926000.0 0.00752165463687
5928000.0 0.00756608347015
5930000.0 0.00738628121495
5932000.0 0.0073603302809
5934000.0 0.00737186178236
5936000.0 0.00731391073308
5938000.0 0.00732709288136
5940000.0 0.00712471588679
5942000.0 0.00721206344045
5944000.0 0.00683241282197
5946000.0 0.00686275927894
5948000.0 0.00723283956274
5950000.0 0.0071448224381
5952000.0 0.00720211950382
5954000.0 0.00700369994264
5956000.0 0.00709276814176
5958000.0 0.00681921786948
5960000.0 0.00696888478846
5962000.0 0.00697206084778
5964000.0 0.00695147312741
5966000.0 0.00675088067698
5968000.0 0.00672755457364
5970000.0 0.00684934215534
5972000.0 0.00671513247082
5974000.0 0.00637910317739
5976000.0 0.00633545402344
5978000.0 0.00618189861057
5980000.0 0.00608824445098
5982000.0 0.00631112779961
5984000.0 0.00597656740157
5986000.0 0.00616543901381
5988000.0 0.00576246090909
5990000.0 0.00577176027723
5992000.0 0.0057606843254
5994000.0 0.00569014590457
5996000.0 0.00555251707171
5998000.0 0.00542586848303
6000000.0 0.0054315637
6002000.0 0.00525900851703
6004000.0 0.00519567704819
6006000.0 0.0051481921328
6008000.0 0.00520412328629
6010000.0 0.00511420052525
6012000.0 0.0052993112753
6014000.0 0.00557379288032
6016000.0 0.00559421471545
6018000.0 0.00542228784114
6020000.0 0.00555724834694
6022000.0 0.00551650286299
6024000.0 0.00533638428279
6026000.0 0.00528863591376
6028000.0 0.00501084950617
6030000.0 0.00530817216495
6032000.0 0.00549265673554
6034000.0 0.00548869436853
6036000.0 0.00576383041494
6038000.0 0.00603536642412
6040000.0 0.00594734127083
6042000.0 0.00636046306889
6044000.0 0.00634353089958
6046000.0 0.00628553067086
6048000.0 0.00635190827731
6050000.0 0.00621691448421
6052000.0 0.00629556303797
6054000.0 0.006517325074
6056000.0 0.00677815580508
6058000.0 0.00677804630573
6060000.0 0.00661369057447
6062000.0 0.00680095586354
6064000.0 0.00676998386752
6066000.0 0.00673969537473
6068000.0 0.00646012377682
6070000.0 0.00675819122581
6072000.0 0.006876150625
6074000.0 0.00706491060475
6076000.0 0.00713003950216
6078000.0 0.0070669767679
6080000.0 0.00697972341304
6082000.0 0.00678642976035
6084000.0 0.00689145384279
6086000.0 0.00719282919037
6088000.0 0.00706344289474
6090000.0 0.00699561276923
6092000.0 0.00722890222467
6094000.0 0.00708624269316
6096000.0 0.00736581816372
6098000.0 0.00771539780488
6100000.0 0.00796999744444
6102000.0 0.0076943345657
6104000.0 0.00771725582589
6106000.0 0.00766526355705
6108000.0 0.00787992881166
6110000.0 0.00818625101124
6112000.0 0.00829955355856
6114000.0 0.00874344941309
6116000.0 0.00906227072398
6118000.0 0.00885396358277
6120000.0 0.00844656406818
6122000.0 0.00846438471526
6124000.0 0.00860196267123
6126000.0 0.00877998354691
6128000.0 0.00882826243119
6130000.0 0.00897503324138
6132000.0 0.00916819700461
6134000.0 0.00938045101617
6136000.0 0.00945804574074
6138000.0 0.00961046823666
6140000.0 0.00965841325581
6142000.0 0.00940811501166
6144000.0 0.00943828077103
6146000.0 0.00896699154567
6148000.0 0.00906110246479
6150000.0 0.00952480402353
6152000.0 0.00966603382075
6154000.0 0.00961040572104
6156000.0 0.00969524364929
6158000.0 0.00991954672209
6160000.0 0.0099661202381
6162000.0 0.0103189713126
6164000.0 0.00994149523923
6166000.0 0.00996987184652
6168000.0 0.00986666800481
6170000.0 0.00976491359036
6172000.0 0.0101431393961
6174000.0 0.00995511760291
6176000.0 0.0105258538592
6178000.0 0.010805242871
6180000.0 0.0105980442439
6182000.0 0.0103158538875
6184000.0 0.0101678280882
6186000.0 0.0101281367322
6188000.0 0.0100102192365
6190000.0 0.00997044081481
6192000.0 0.00951935903465
6194000.0 0.0089461642928
6196000.0 0.0089378818408
6198000.0 0.00933845189526
6200000.0 0.009910204475
6202000.0 0.0102323716541
6204000.0 0.0104637163317
6206000.0 0.0107856378841
6208000.0 0.0109716250758
6210000.0 0.0110216542025
6212000.0 0.0114272214213
6214000.0 0.0108653183715
6216000.0 0.0106840205612
6218000.0 0.0108858936573
6220000.0 0.0107281705385
6222000.0 0.010404764653
6224000.0 0.0102731053093
6226000.0 0.0104337081137
6228000.0 0.0102193837565
6230000.0 0.0107837720779
6232000.0 0.0104662446094
6234000.0 0.0100766860313
6236000.0 0.00947595036649
6238000.0 0.00975367666667
6240000.0 0.00964640826316
6242000.0 0.00945730224274
6244000.0 0.00980133425926
6246000.0 0.0100578939257
6248000.0 0.00987930045213
6250000.0 0.00978190096
6252000.0 0.00964019262032
6254000.0 0.00940274772118
6256000.0 0.00930898387097
6258000.0 0.00953176630728
6260000.0 0.00969617745946
6262000.0 0.0098521697019
6264000.0 0.00986756005435
6266000.0 0.0102384049046
6268000.0 0.0103253281694
6270000.0 0.010331282274
6272000.0 0.0103056043132
6274000.0 0.0107575046281
6276000.0 0.010510226105
6278000.0 0.0114364251247
6280000.0 0.0115276531667
6282000.0 0.0117513492479
6284000.0 0.0122097051676
6286000.0 0.0120486976471
6288000.0 0.011729390927
6290000.0 0.0119499794085
6292000.0 0.0117505766384
6294000.0 0.0120102572521
6296000.0 0.0119958343466
6298000.0 0.0122042874929
6300000.0 0.0121551048571
6302000.0 0.0128268228367
6304000.0 0.0129756872989
6306000.0 0.0129477178963
6308000.0 0.0131953360116
6310000.0 0.0131518022899
6312000.0 0.0128781265407
6314000.0 0.0129311429446
6316000.0 0.0128293910234
6318000.0 0.0123732528446
6320000.0 0.0118389202941
6322000.0 0.0121114575516
6324000.0 0.0121604768343
6326000.0 0.0120910032047
6328000.0 0.0117557375298
6330000.0 0.0120683288358
6332000.0 0.0119982413772
6334000.0 0.0124898842643
6336000.0 0.0127185813855
6338000.0 0.0128837205136
6340000.0 0.0127529513636
6342000.0 0.0131897188146
6344000.0 0.0130355894512
6346000.0 0.012815268318
6348000.0 0.0133133584356
6350000.0 0.0133342086462
6352000.0 0.0134131655556
6354000.0 0.0136912080805
6356000.0 0.0133734302484
6358000.0 0.0142142400623
6360000.0 0.0136979941563
6362000.0 0.0137019046082
6364000.0 0.0133436155346
6366000.0 0.0133828033123
6368000.0 0.0135716199051
6370000.0 0.0132456766349
6372000.0 0.0136023548408
6374000.0 0.0145764299042
6376000.0 0.0143790500962
6378000.0 0.0147008810611
6380000.0 0.0146475113226
6382000.0 0.014880288479
6384000.0 0.0152401262662
6386000.0 0.0156364462866
6388000.0 0.015145646732
6390000.0 0.0160322303279
6392000.0 0.0150510906579
6394000.0 0.0148015472277
6396000.0 0.0145309587417
6398000.0 0.0150405327243
6400000.0 0.0149089746
6402000.0 0.0151604278261
6404000.0 0.0150918289262
6406000.0 0.0144187698653
6408000.0 0.0152323241216
6410000.0 0.0151125498983
6412000.0 0.0157196295578
6414000.0 0.0155864763823
6416000.0 0.0153574378767
6418000.0 0.0154536045017
6420000.0 0.014886634
6422000.0 0.015744236436
6424000.0 0.0161207326736
6426000.0 0.0167031384321
6428000.0 0.017545966049
6430000.0 0.0173500063509
6432000.0 0.0176067015845
6434000.0 0.0173213289399
6436000.0 0.0168100422695
6438000.0 0.0165374538434
6440000.0 0.0173480428571
6442000.0 0.0179843841577
6444000.0 0.0182819406475
6446000.0 0.0185486234296
6448000.0 0.0189622833696
6450000.0 0.0190430744
6452000.0 0.0195822342336
6454000.0 0.0196118452015
6456000.0 0.0200043100735
6458000.0 0.0203784352768
6460000.0 0.0204356132222
6462000.0 0.0210666137546
6464000.0 0.0210279642164
6466000.0 0.021064681236
6468000.0 0.0207690984211
6470000.0 0.0207635209434
6472000.0 0.021125765
6474000.0 0.0207280732319
6476000.0 0.020468548626
6478000.0 0.0203998484674
6480000.0 0.0196000883462
6482000.0 0.019376109112
6484000.0 0.0190950240698
6486000.0 0.0191175192607
6488000.0 0.0185876604688
6490000.0 0.0185399374902
6492000.0 0.0188895268504
6494000.0 0.019437758498
6496000.0 0.0189379229762
6498000.0 0.0189964432669
6500000.0 0.019651208
6502000.0 0.0211871204819
6504000.0 0.0210346475403
6506000.0 0.0214476128745
6508000.0 0.0212640138618
6510000.0 0.0221803840408
6512000.0 0.0221924681148
6514000.0 0.0221483232099
6516000.0 0.0225830304132
6518000.0 0.0224122423651
6520000.0 0.0228363150833
6522000.0 0.022826646569
6524000.0 0.0231348970588
6526000.0 0.022957744346
6528000.0 0.0242236579661
6530000.0 0.0238737275745
6532000.0 0.0243300125641
6534000.0 0.024810466867
6536000.0 0.0250652229741
6538000.0 0.0253615973593
6540000.0 0.0253463468261
6542000.0 0.025590289083
6544000.0 0.0245533545614
6546000.0 0.0251327297797
6548000.0 0.0247748961504
6550000.0 0.0246078156889
6552000.0 0.0252444824107
6554000.0 0.0250764311211
6556000.0 0.0259813808108
6558000.0 0.0254297526244
6560000.0 0.025625648
6562000.0 0.0261978999087
6564000.0 0.0263737325229
6566000.0 0.0267885105069
6568000.0 0.0268890745833
6570000.0 0.0271058048372
6572000.0 0.0270416770093
6574000.0 0.0264699366667
6576000.0 0.0263641322642
6578000.0 0.0278274368246
6580000.0 0.0290602435714
6582000.0 0.0299312797129
6584000.0 0.0308334371635
6586000.0 0.0321837670531
6588000.0 0.0325567564078
6590000.0 0.0327896067317
6592000.0 0.0327809065686
6594000.0 0.0334349299507
6596000.0 0.0332076309901
6598000.0 0.0337535150746
6600000.0 0.0337262803
6602000.0 0.0354672505025
6604000.0 0.0342629273737
6606000.0 0.03526018
6608000.0 0.0362322504592
6610000.0 0.0363203353333
6612000.0 0.0360263462887
6614000.0 0.0364919784456
6616000.0 0.0372549721354
6618000.0 0.0365326034555
6620000.0 0.0379963092105
6622000.0 0.0392296987302
6624000.0 0.0400653759043
6626000.0 0.0386292570053
6628000.0 0.0379879893011
6630000.0 0.0386669308649
6632000.0 0.0393883653261
6634000.0 0.0401435048087
6636000.0 0.0404567757143
6638000.0 0.0411686754696
6640000.0 0.0415107254444
6642000.0 0.0413342987151
6644000.0 0.0418122375281
6646000.0 0.0428356830508
6648000.0 0.0439034561932
6650000.0 0.0442890897143
6652000.0 0.0451651682759
6654000.0 0.046016867052
6656000.0 0.0472598113372
6658000.0 0.0471072445029
6660000.0 0.0494777565294
6662000.0 0.0487282866864
6664000.0 0.0496350391667
6666000.0 0.0484570963473
6668000.0 0.0494163087952
6670000.0 0.0481250785455
6672000.0 0.0476160637195
6674000.0 0.050655723681
6676000.0 0.0481836195062
6678000.0 0.0473083039752
6680000.0 0.0497491201875
6682000.0 0.0481499714465
6684000.0 0.0469818062025
6686000.0 0.0478788917197
6688000.0 0.0485872824359
6690000.0 0.0500634005161
6692000.0 0.0519493870779
6694000.0 0.0523983906536
6696000.0 0.0524962969079
6698000.0 0.0544590670861
6700000.0 0.0554621891333
6702000.0 0.0565572804027
6704000.0 0.0578017768919
6706000.0 0.0586669897959
6708000.0 0.0594340813014
6710000.0 0.0595415852414
6712000.0 0.0593567597917
6714000.0 0.0609691162937
6716000.0 0.0632995446479
6718000.0 0.0630693178723
6720000.0 0.0619800687857
6722000.0 0.060931428705
6724000.0 0.0612191786232
6726000.0 0.0627916990511
6728000.0 0.0632997401471
6730000.0 0.0635408451852
6732000.0 0.0634077531343
6734000.0 0.0666738750376
6736000.0 0.0680370882576
6738000.0 0.0685388074046
6740000.0 0.0678333719231
6742000.0 0.0689145520155
6744000.0 0.0681970072656
6746000.0 0.0665607244882
6748000.0 0.0673507794444
6750000.0 0.068794182
6752000.0 0.0679282098387
6754000.0 0.0694831998374
6756000.0 0.0681725909016
6758000.0 0.0703938008264
6760000.0 0.0682868014167
6762000.0 0.0691365594958
6764000.0 0.0692756591525
6766000.0 0.069933898547
6768000.0 0.0695758611207
6770000.0 0.0701349125217
6772000.0 0.0695288703509
6774000.0 0.0696420450442
6776000.0 0.0698135748214
6778000.0 0.0715106989189
6780000.0 0.0726902714545
6782000.0 0.0738678852294
6784000.0 0.075220037963
6786000.0 0.0759984333645
6788000.0 0.0759343514151
6790000.0 0.0769552498095
6792000.0 0.0756149016346
6794000.0 0.0771706735922
6796000.0 0.0768169590196
6798000.0 0.0771030258416
6800000.0 0.0777278105
6802000.0 0.0771743653535
6804000.0 0.0758264346939
6806000.0 0.0780114393814
6808000.0 0.0789806153125
6810000.0 0.0821066191579
6812000.0 0.0821051724468
6814000.0 0.0826588736559
6816000.0 0.0846594232609
6818000.0 0.085280651978
6820000.0 0.0845940627778
6822000.0 0.0843344734831
6824000.0 0.0897718778409
6826000.0 0.091595117931
6828000.0 0.0927500898837
6830000.0 0.0948158477647
6832000.0 0.095441777619
6834000.0 0.0961719422892
6836000.0 0.0973728939024
6838000.0 0.100644480988
6840000.0 0.103279554125
6842000.0 0.102924577848
6844000.0 0.104017897564
6846000.0 0.106725023506
6848000.0 0.106476801184
6850000.0 0.107831328267
6852000.0 0.111116982297
6854000.0 0.107490056027
6856000.0 0.108352941111
6858000.0 0.107511957746
6860000.0 0.108857248429
6862000.0 0.11148748029
6864000.0 0.112441998088
6866000.0 0.111870923284
6868000.0 0.112176751818
6870000.0 0.113707799846
6872000.0 0.115783965937
6874000.0 0.119719872698
6876000.0 0.121887689839
6878000.0 0.122887080656
6880000.0 0.125257077667
6882000.0 0.127974483559
6884000.0 0.131549826897
6886000.0 0.135252487193
6888000.0 0.137531808036
6890000.0 0.142388844
6892000.0 0.146057939815
6894000.0 0.14855713
6896000.0 0.150641835385
6898000.0 0.154242455098
6900000.0 0.1622606548
6902000.0 0.164921621429
6904000.0 0.168909522708
6906000.0 0.16968655234
6908000.0 0.170549055652
6910000.0 0.173958528667
6912000.0 0.173531706818
6914000.0 0.182953079302
6916000.0 0.178998739048
6918000.0 0.18624590561
6920000.0 0.19762555
6922000.0 0.202886188205
6924000.0 0.206004144474
6926000.0 0.212264727568
6928000.0 0.218385255
6930000.0 0.229797702
6932000.0 0.238511389706
6934000.0 0.237781107273
6936000.0 0.246180279375
6938000.0 0.261620501613
6940000.0 0.277347446
6942000.0 0.288516713448
6944000.0 0.296153921071
6946000.0 0.31234537963
6948000.0 0.328510413462
6950000.0 0.3497930856
6952000.0 0.366077840833
6954000.0 0.383004052609
6956000.0 0.414262077273
6958000.0 0.42783479
6960000.0 0.448697428
6962000.0 0.475929367368
6964000.0 0.504589456111
6966000.0 0.532705754118
6968000.0 0.548520040625
6970000.0 0.581698962
6972000.0 0.628293861429
6974000.0 0.705255663846
6976000.0 0.740380484167
6978000.0 0.818048277273
6980000.0 0.895628657
6982000.0 0.987231308889
6984000.0 1.1284776875
6986000.0 1.29309409714
6988000.0 1.51362783667
6990000.0 1.810493362
6992000.0 2.25521561
6994000.0 2.91239960667
6996000.0 4.540420465
6998000.0 9.25029236
7000000.0 0.0
